----------mlons----------
106.50
107.00
107.50
108.00
108.50
109.00
109.50
110.00
110.50
111.00
111.50
112.00
112.50
113.00
113.50
114.00
114.50
115.00
115.50
116.00
116.50
117.00
117.50
118.00
118.50
----------mlats----------
16.00
16.50
17.00
17.50
18.00
18.50
19.00
19.50
20.00
20.50
21.00
21.50
22.00
22.50
23.00
23.50
24.00
24.50
25.00
25.50
26.00
26.50
27.00
27.50
28.00
----------mrs----------
2000.00
1000.00
0.00
-1000.00
-2000.00
-3000.00
-4000.00
-5000.00
-7000.00
-9000.00
-11000.00
-13000.00
-15000.00
-20000.00
-25000.00
-30000.00
-35000.00
-40000.00
-45000.00
-50000.00
-55000.00
-60000.00
