0.00 0.00 0.00 0.03
0.00 103.45 0.00 -0.04
0.00 206.90 0.00 0.10
0.00 310.34 0.00 0.19
0.00 413.79 0.00 0.17
0.00 517.24 0.00 0.29
0.00 620.69 0.00 0.24
0.00 724.14 0.00 0.28
0.00 827.59 0.00 0.32
0.00 931.03 0.00 0.27
0.00 1034.48 0.00 0.45
0.00 1137.93 0.00 0.41
0.00 1241.38 0.00 0.29
0.00 1344.83 0.00 0.50
0.00 1448.28 0.00 0.45
0.00 1551.72 0.00 0.39
0.00 1655.17 0.00 0.32
0.00 1758.62 0.00 0.36
0.00 1862.07 0.00 0.40
0.00 1965.52 0.00 0.13
0.00 2068.97 0.00 0.38
0.00 2172.41 0.00 0.13
0.00 2275.86 0.00 0.19
0.00 2379.31 0.00 0.31
0.00 2482.76 0.00 0.18
0.00 2586.21 0.00 0.11
0.00 2689.66 0.00 0.04
0.00 2793.10 0.00 0.14
0.00 2896.55 0.00 -0.09
0.00 3000.00 0.00 0.08
105.26 0.00 0.00 0.06
105.26 103.45 0.00 0.10
105.26 206.90 0.00 0.12
105.26 310.34 0.00 0.25
105.26 413.79 0.00 0.11
105.26 517.24 0.00 0.23
105.26 620.69 0.00 0.27
105.26 724.14 0.00 0.25
105.26 827.59 0.00 0.35
105.26 931.03 0.00 0.44
105.26 1034.48 0.00 0.50
105.26 1137.93 0.00 0.59
105.26 1241.38 0.00 0.49
105.26 1344.83 0.00 0.58
105.26 1448.28 0.00 0.53
105.26 1551.72 0.00 0.36
105.26 1655.17 0.00 0.58
105.26 1758.62 0.00 0.42
105.26 1862.07 0.00 0.59
105.26 1965.52 0.00 0.33
105.26 2068.97 0.00 0.25
105.26 2172.41 0.00 0.39
105.26 2275.86 0.00 0.26
105.26 2379.31 0.00 0.19
105.26 2482.76 0.00 0.12
105.26 2586.21 0.00 0.07
105.26 2689.66 0.00 0.08
105.26 2793.10 0.00 0.07
105.26 2896.55 0.00 0.17
105.26 3000.00 0.00 0.14
210.53 0.00 0.00 0.25
210.53 103.45 0.00 0.21
210.53 206.90 0.00 0.14
210.53 310.34 0.00 0.20
210.53 413.79 0.00 0.14
210.53 517.24 0.00 0.28
210.53 620.69 0.00 0.33
210.53 724.14 0.00 0.35
210.53 827.59 0.00 0.42
210.53 931.03 0.00 0.64
210.53 1034.48 0.00 0.62
210.53 1137.93 0.00 0.66
210.53 1241.38 0.00 0.77
210.53 1344.83 0.00 0.60
210.53 1448.28 0.00 0.77
210.53 1551.72 0.00 0.76
210.53 1655.17 0.00 0.70
210.53 1758.62 0.00 0.62
210.53 1862.07 0.00 0.60
210.53 1965.52 0.00 0.46
210.53 2068.97 0.00 0.50
210.53 2172.41 0.00 0.23
210.53 2275.86 0.00 0.30
210.53 2379.31 0.00 0.18
210.53 2482.76 0.00 0.22
210.53 2586.21 0.00 0.19
210.53 2689.66 0.00 0.14
210.53 2793.10 0.00 0.14
210.53 2896.55 0.00 0.32
210.53 3000.00 0.00 0.14
315.79 0.00 0.00 0.08
315.79 103.45 0.00 0.00
315.79 206.90 0.00 0.24
315.79 310.34 0.00 0.08
315.79 413.79 0.00 0.34
315.79 517.24 0.00 0.41
315.79 620.69 0.00 0.57
315.79 724.14 0.00 0.45
315.79 827.59 0.00 0.72
315.79 931.03 0.00 0.74
315.79 1034.48 0.00 0.67
315.79 1137.93 0.00 0.88
315.79 1241.38 0.00 1.15
315.79 1344.83 0.00 1.05
315.79 1448.28 0.00 1.00
315.79 1551.72 0.00 0.90
315.79 1655.17 0.00 0.89
315.79 1758.62 0.00 0.94
315.79 1862.07 0.00 0.72
315.79 1965.52 0.00 0.55
315.79 2068.97 0.00 0.49
315.79 2172.41 0.00 0.43
315.79 2275.86 0.00 0.40
315.79 2379.31 0.00 0.19
315.79 2482.76 0.00 0.19
315.79 2586.21 0.00 0.06
315.79 2689.66 0.00 0.12
315.79 2793.10 0.00 0.22
315.79 2896.55 0.00 0.05
315.79 3000.00 0.00 0.20
421.05 0.00 0.00 0.14
421.05 103.45 0.00 0.20
421.05 206.90 0.00 0.25
421.05 310.34 0.00 0.24
421.05 413.79 0.00 0.28
421.05 517.24 0.00 0.29
421.05 620.69 0.00 0.57
421.05 724.14 0.00 0.45
421.05 827.59 0.00 0.83
421.05 931.03 0.00 0.84
421.05 1034.48 0.00 1.28
421.05 1137.93 0.00 1.22
421.05 1241.38 0.00 1.45
421.05 1344.83 0.00 1.45
421.05 1448.28 0.00 1.44
421.05 1551.72 0.00 1.44
421.05 1655.17 0.00 1.29
421.05 1758.62 0.00 1.14
421.05 1862.07 0.00 0.99
421.05 1965.52 0.00 0.80
421.05 2068.97 0.00 0.59
421.05 2172.41 0.00 0.55
421.05 2275.86 0.00 0.36
421.05 2379.31 0.00 0.39
421.05 2482.76 0.00 0.23
421.05 2586.21 0.00 0.33
421.05 2689.66 0.00 0.25
421.05 2793.10 0.00 0.25
421.05 2896.55 0.00 0.21
421.05 3000.00 0.00 0.11
526.32 0.00 0.00 0.46
526.32 103.45 0.00 0.23
526.32 206.90 0.00 0.30
526.32 310.34 0.00 0.35
526.32 413.79 0.00 0.47
526.32 517.24 0.00 0.38
526.32 620.69 0.00 0.60
526.32 724.14 0.00 0.73
526.32 827.59 0.00 0.97
526.32 931.03 0.00 1.38
526.32 1034.48 0.00 1.49
526.32 1137.93 0.00 1.81
526.32 1241.38 0.00 1.91
526.32 1344.83 0.00 2.06
526.32 1448.28 0.00 2.10
526.32 1551.72 0.00 1.98
526.32 1655.17 0.00 1.67
526.32 1758.62 0.00 1.53
526.32 1862.07 0.00 1.28
526.32 1965.52 0.00 0.92
526.32 2068.97 0.00 0.88
526.32 2172.41 0.00 0.70
526.32 2275.86 0.00 0.36
526.32 2379.31 0.00 0.38
526.32 2482.76 0.00 0.23
526.32 2586.21 0.00 0.36
526.32 2689.66 0.00 0.08
526.32 2793.10 0.00 0.03
526.32 2896.55 0.00 0.12
526.32 3000.00 0.00 0.14
631.58 0.00 0.00 -0.02
631.58 103.45 0.00 0.27
631.58 206.90 0.00 0.43
631.58 310.34 0.00 0.32
631.58 413.79 0.00 0.23
631.58 517.24 0.00 0.54
631.58 620.69 0.00 0.72
631.58 724.14 0.00 0.90
631.58 827.59 0.00 1.19
631.58 931.03 0.00 1.63
631.58 1034.48 0.00 2.04
631.58 1137.93 0.00 2.36
631.58 1241.38 0.00 2.67
631.58 1344.83 0.00 2.76
631.58 1448.28 0.00 2.73
631.58 1551.72 0.00 2.68
631.58 1655.17 0.00 2.45
631.58 1758.62 0.00 2.11
631.58 1862.07 0.00 1.52
631.58 1965.52 0.00 1.16
631.58 2068.97 0.00 0.97
631.58 2172.41 0.00 0.58
631.58 2275.86 0.00 0.51
631.58 2379.31 0.00 0.50
631.58 2482.76 0.00 0.41
631.58 2586.21 0.00 0.19
631.58 2689.66 0.00 0.18
631.58 2793.10 0.00 0.09
631.58 2896.55 0.00 0.01
631.58 3000.00 0.00 -0.06
736.84 0.00 0.00 0.16
736.84 103.45 0.00 0.26
736.84 206.90 0.00 0.28
736.84 310.34 0.00 0.29
736.84 413.79 0.00 0.42
736.84 517.24 0.00 0.62
736.84 620.69 0.00 0.82
736.84 724.14 0.00 1.14
736.84 827.59 0.00 1.43
736.84 931.03 0.00 1.94
736.84 1034.48 0.00 2.55
736.84 1137.93 0.00 2.97
736.84 1241.38 0.00 3.35
736.84 1344.83 0.00 3.53
736.84 1448.28 0.00 3.46
736.84 1551.72 0.00 3.30
736.84 1655.17 0.00 3.35
736.84 1758.62 0.00 2.72
736.84 1862.07 0.00 2.07
736.84 1965.52 0.00 1.60
736.84 2068.97 0.00 0.98
736.84 2172.41 0.00 0.67
736.84 2275.86 0.00 0.66
736.84 2379.31 0.00 0.37
736.84 2482.76 0.00 0.38
736.84 2586.21 0.00 0.26
736.84 2689.66 0.00 0.21
736.84 2793.10 0.00 0.10
736.84 2896.55 0.00 0.21
736.84 3000.00 0.00 0.10
842.11 0.00 0.00 0.23
842.11 103.45 0.00 0.25
842.11 206.90 0.00 0.26
842.11 310.34 0.00 0.29
842.11 413.79 0.00 0.52
842.11 517.24 0.00 0.59
842.11 620.69 0.00 0.83
842.11 724.14 0.00 1.11
842.11 827.59 0.00 1.45
842.11 931.03 0.00 2.04
842.11 1034.48 0.00 2.71
842.11 1137.93 0.00 3.42
842.11 1241.38 0.00 3.93
842.11 1344.83 0.00 4.32
842.11 1448.28 0.00 4.15
842.11 1551.72 0.00 3.93
842.11 1655.17 0.00 3.49
842.11 1758.62 0.00 3.06
842.11 1862.07 0.00 2.01
842.11 1965.52 0.00 1.62
842.11 2068.97 0.00 1.29
842.11 2172.41 0.00 0.97
842.11 2275.86 0.00 0.61
842.11 2379.31 0.00 0.49
842.11 2482.76 0.00 0.49
842.11 2586.21 0.00 0.37
842.11 2689.66 0.00 0.34
842.11 2793.10 0.00 0.26
842.11 2896.55 0.00 0.11
842.11 3000.00 0.00 0.04
947.37 0.00 0.00 0.27
947.37 103.45 0.00 0.19
947.37 206.90 0.00 0.42
947.37 310.34 0.00 0.20
947.37 413.79 0.00 0.45
947.37 517.24 0.00 0.50
947.37 620.69 0.00 0.82
947.37 724.14 0.00 1.09
947.37 827.59 0.00 1.58
947.37 931.03 0.00 2.22
947.37 1034.48 0.00 2.76
947.37 1137.93 0.00 3.59
947.37 1241.38 0.00 3.90
947.37 1344.83 0.00 4.03
947.37 1448.28 0.00 4.09
947.37 1551.72 0.00 4.02
947.37 1655.17 0.00 3.54
947.37 1758.62 0.00 2.79
947.37 1862.07 0.00 2.25
947.37 1965.52 0.00 1.46
947.37 2068.97 0.00 1.16
947.37 2172.41 0.00 0.87
947.37 2275.86 0.00 0.53
947.37 2379.31 0.00 0.38
947.37 2482.76 0.00 0.42
947.37 2586.21 0.00 0.39
947.37 2689.66 0.00 0.15
947.37 2793.10 0.00 0.15
947.37 2896.55 0.00 -0.05
947.37 3000.00 0.00 0.15
1052.63 0.00 0.00 0.22
1052.63 103.45 0.00 0.23
1052.63 206.90 0.00 0.26
1052.63 310.34 0.00 0.41
1052.63 413.79 0.00 0.43
1052.63 517.24 0.00 0.71
1052.63 620.69 0.00 0.74
1052.63 724.14 0.00 1.16
1052.63 827.59 0.00 1.41
1052.63 931.03 0.00 1.90
1052.63 1034.48 0.00 2.69
1052.63 1137.93 0.00 3.14
1052.63 1241.38 0.00 3.64
1052.63 1344.83 0.00 3.62
1052.63 1448.28 0.00 3.69
1052.63 1551.72 0.00 3.49
1052.63 1655.17 0.00 3.28
1052.63 1758.62 0.00 2.62
1052.63 1862.07 0.00 2.11
1052.63 1965.52 0.00 1.45
1052.63 2068.97 0.00 1.18
1052.63 2172.41 0.00 0.75
1052.63 2275.86 0.00 0.51
1052.63 2379.31 0.00 0.51
1052.63 2482.76 0.00 0.49
1052.63 2586.21 0.00 0.25
1052.63 2689.66 0.00 0.29
1052.63 2793.10 0.00 0.17
1052.63 2896.55 0.00 0.07
1052.63 3000.00 0.00 0.24
1157.89 0.00 0.00 0.25
1157.89 103.45 0.00 0.13
1157.89 206.90 0.00 0.24
1157.89 310.34 0.00 0.19
1157.89 413.79 0.00 0.43
1157.89 517.24 0.00 0.65
1157.89 620.69 0.00 0.61
1157.89 724.14 0.00 0.92
1157.89 827.59 0.00 1.11
1157.89 931.03 0.00 1.63
1157.89 1034.48 0.00 2.10
1157.89 1137.93 0.00 2.47
1157.89 1241.38 0.00 2.79
1157.89 1344.83 0.00 2.74
1157.89 1448.28 0.00 2.75
1157.89 1551.72 0.00 2.64
1157.89 1655.17 0.00 2.49
1157.89 1758.62 0.00 2.05
1157.89 1862.07 0.00 1.69
1157.89 1965.52 0.00 1.28
1157.89 2068.97 0.00 0.93
1157.89 2172.41 0.00 0.65
1157.89 2275.86 0.00 0.52
1157.89 2379.31 0.00 0.29
1157.89 2482.76 0.00 0.29
1157.89 2586.21 0.00 0.28
1157.89 2689.66 0.00 0.29
1157.89 2793.10 0.00 0.34
1157.89 2896.55 0.00 0.13
1157.89 3000.00 0.00 -0.01
1263.16 0.00 0.00 0.03
1263.16 103.45 0.00 0.24
1263.16 206.90 0.00 0.22
1263.16 310.34 0.00 0.30
1263.16 413.79 0.00 0.21
1263.16 517.24 0.00 0.49
1263.16 620.69 0.00 0.44
1263.16 724.14 0.00 0.67
1263.16 827.59 0.00 0.79
1263.16 931.03 0.00 1.38
1263.16 1034.48 0.00 1.70
1263.16 1137.93 0.00 1.83
1263.16 1241.38 0.00 2.08
1263.16 1344.83 0.00 1.93
1263.16 1448.28 0.00 2.09
1263.16 1551.72 0.00 1.98
1263.16 1655.17 0.00 1.83
1263.16 1758.62 0.00 1.48
1263.16 1862.07 0.00 1.32
1263.16 1965.52 0.00 1.14
1263.16 2068.97 0.00 0.71
1263.16 2172.41 0.00 0.45
1263.16 2275.86 0.00 0.41
1263.16 2379.31 0.00 0.35
1263.16 2482.76 0.00 0.24
1263.16 2586.21 0.00 0.14
1263.16 2689.66 0.00 0.22
1263.16 2793.10 0.00 0.15
1263.16 2896.55 0.00 0.10
1263.16 3000.00 0.00 0.01
1368.42 0.00 0.00 0.21
1368.42 103.45 0.00 0.10
1368.42 206.90 0.00 0.19
1368.42 310.34 0.00 0.35
1368.42 413.79 0.00 0.40
1368.42 517.24 0.00 0.44
1368.42 620.69 0.00 0.53
1368.42 724.14 0.00 0.61
1368.42 827.59 0.00 0.92
1368.42 931.03 0.00 0.90
1368.42 1034.48 0.00 1.18
1368.42 1137.93 0.00 1.32
1368.42 1241.38 0.00 1.54
1368.42 1344.83 0.00 1.57
1368.42 1448.28 0.00 1.46
1368.42 1551.72 0.00 1.51
1368.42 1655.17 0.00 1.39
1368.42 1758.62 0.00 1.16
1368.42 1862.07 0.00 1.06
1368.42 1965.52 0.00 0.73
1368.42 2068.97 0.00 0.56
1368.42 2172.41 0.00 0.37
1368.42 2275.86 0.00 0.35
1368.42 2379.31 0.00 0.43
1368.42 2482.76 0.00 0.20
1368.42 2586.21 0.00 0.28
1368.42 2689.66 0.00 0.17
1368.42 2793.10 0.00 0.07
1368.42 2896.55 0.00 0.19
1368.42 3000.00 0.00 0.00
1473.68 0.00 0.00 0.09
1473.68 103.45 0.00 0.21
1473.68 206.90 0.00 0.13
1473.68 310.34 0.00 0.16
1473.68 413.79 0.00 0.27
1473.68 517.24 0.00 0.25
1473.68 620.69 0.00 0.47
1473.68 724.14 0.00 0.48
1473.68 827.59 0.00 0.59
1473.68 931.03 0.00 0.85
1473.68 1034.48 0.00 0.91
1473.68 1137.93 0.00 1.04
1473.68 1241.38 0.00 1.01
1473.68 1344.83 0.00 0.95
1473.68 1448.28 0.00 1.06
1473.68 1551.72 0.00 0.98
1473.68 1655.17 0.00 1.05
1473.68 1758.62 0.00 0.82
1473.68 1862.07 0.00 0.75
1473.68 1965.52 0.00 0.53
1473.68 2068.97 0.00 0.63
1473.68 2172.41 0.00 0.59
1473.68 2275.86 0.00 0.34
1473.68 2379.31 0.00 0.46
1473.68 2482.76 0.00 0.37
1473.68 2586.21 0.00 0.18
1473.68 2689.66 0.00 0.16
1473.68 2793.10 0.00 0.22
1473.68 2896.55 0.00 0.07
1473.68 3000.00 0.00 0.03
1578.95 0.00 0.00 0.19
1578.95 103.45 0.00 0.07
1578.95 206.90 0.00 0.16
1578.95 310.34 0.00 0.13
1578.95 413.79 0.00 0.22
1578.95 517.24 0.00 0.19
1578.95 620.69 0.00 0.55
1578.95 724.14 0.00 0.58
1578.95 827.59 0.00 0.41
1578.95 931.03 0.00 0.69
1578.95 1034.48 0.00 0.68
1578.95 1137.93 0.00 0.78
1578.95 1241.38 0.00 0.73
1578.95 1344.83 0.00 0.77
1578.95 1448.28 0.00 0.90
1578.95 1551.72 0.00 0.81
1578.95 1655.17 0.00 0.65
1578.95 1758.62 0.00 0.60
1578.95 1862.07 0.00 0.44
1578.95 1965.52 0.00 0.42
1578.95 2068.97 0.00 0.40
1578.95 2172.41 0.00 0.31
1578.95 2275.86 0.00 0.27
1578.95 2379.31 0.00 0.31
1578.95 2482.76 0.00 0.18
1578.95 2586.21 0.00 0.23
1578.95 2689.66 0.00 0.30
1578.95 2793.10 0.00 -0.13
1578.95 2896.55 0.00 -0.00
1578.95 3000.00 0.00 0.11
1684.21 0.00 0.00 0.03
1684.21 103.45 0.00 0.05
1684.21 206.90 0.00 0.19
1684.21 310.34 0.00 0.43
1684.21 413.79 0.00 0.19
1684.21 517.24 0.00 0.27
1684.21 620.69 0.00 0.30
1684.21 724.14 0.00 0.46
1684.21 827.59 0.00 0.40
1684.21 931.03 0.00 0.55
1684.21 1034.48 0.00 0.36
1684.21 1137.93 0.00 0.35
1684.21 1241.38 0.00 0.55
1684.21 1344.83 0.00 0.62
1684.21 1448.28 0.00 0.62
1684.21 1551.72 0.00 0.59
1684.21 1655.17 0.00 0.50
1684.21 1758.62 0.00 0.59
1684.21 1862.07 0.00 0.48
1684.21 1965.52 0.00 0.45
1684.21 2068.97 0.00 0.36
1684.21 2172.41 0.00 0.33
1684.21 2275.86 0.00 0.31
1684.21 2379.31 0.00 0.11
1684.21 2482.76 0.00 0.24
1684.21 2586.21 0.00 0.33
1684.21 2689.66 0.00 0.17
1684.21 2793.10 0.00 0.17
1684.21 2896.55 0.00 0.22
1684.21 3000.00 0.00 0.13
1789.47 0.00 0.00 0.15
1789.47 103.45 0.00 0.17
1789.47 206.90 0.00 0.30
1789.47 310.34 0.00 0.11
1789.47 413.79 0.00 0.10
1789.47 517.24 0.00 0.16
1789.47 620.69 0.00 0.22
1789.47 724.14 0.00 0.33
1789.47 827.59 0.00 0.29
1789.47 931.03 0.00 0.35
1789.47 1034.48 0.00 0.36
1789.47 1137.93 0.00 0.31
1789.47 1241.38 0.00 0.41
1789.47 1344.83 0.00 0.43
1789.47 1448.28 0.00 0.63
1789.47 1551.72 0.00 0.52
1789.47 1655.17 0.00 0.27
1789.47 1758.62 0.00 0.46
1789.47 1862.07 0.00 0.16
1789.47 1965.52 0.00 0.29
1789.47 2068.97 0.00 0.23
1789.47 2172.41 0.00 0.11
1789.47 2275.86 0.00 0.25
1789.47 2379.31 0.00 0.07
1789.47 2482.76 0.00 0.10
1789.47 2586.21 0.00 0.15
1789.47 2689.66 0.00 0.09
1789.47 2793.10 0.00 0.04
1789.47 2896.55 0.00 0.16
1789.47 3000.00 0.00 -0.07
1894.74 0.00 0.00 0.06
1894.74 103.45 0.00 0.24
1894.74 206.90 0.00 -0.00
1894.74 310.34 0.00 0.21
1894.74 413.79 0.00 0.14
1894.74 517.24 0.00 0.27
1894.74 620.69 0.00 0.12
1894.74 724.14 0.00 0.26
1894.74 827.59 0.00 0.26
1894.74 931.03 0.00 0.36
1894.74 1034.48 0.00 0.22
1894.74 1137.93 0.00 0.31
1894.74 1241.38 0.00 0.54
1894.74 1344.83 0.00 0.45
1894.74 1448.28 0.00 0.32
1894.74 1551.72 0.00 0.25
1894.74 1655.17 0.00 0.29
1894.74 1758.62 0.00 0.31
1894.74 1862.07 0.00 0.37
1894.74 1965.52 0.00 0.16
1894.74 2068.97 0.00 0.09
1894.74 2172.41 0.00 0.19
1894.74 2275.86 0.00 0.29
1894.74 2379.31 0.00 0.19
1894.74 2482.76 0.00 0.17
1894.74 2586.21 0.00 0.10
1894.74 2689.66 0.00 -0.00
1894.74 2793.10 0.00 0.03
1894.74 2896.55 0.00 0.15
1894.74 3000.00 0.00 0.03
2000.00 0.00 0.00 0.04
2000.00 103.45 0.00 0.06
2000.00 206.90 0.00 0.26
2000.00 310.34 0.00 0.17
2000.00 413.79 0.00 0.09
2000.00 517.24 0.00 0.08
2000.00 620.69 0.00 0.04
2000.00 724.14 0.00 0.17
2000.00 827.59 0.00 0.11
2000.00 931.03 0.00 0.15
2000.00 1034.48 0.00 0.19
2000.00 1137.93 0.00 0.41
2000.00 1241.38 0.00 0.22
2000.00 1344.83 0.00 0.30
2000.00 1448.28 0.00 0.26
2000.00 1551.72 0.00 0.23
2000.00 1655.17 0.00 0.23
2000.00 1758.62 0.00 0.26
2000.00 1862.07 0.00 0.22
2000.00 1965.52 0.00 0.10
2000.00 2068.97 0.00 0.18
2000.00 2172.41 0.00 0.24
2000.00 2275.86 0.00 0.34
2000.00 2379.31 0.00 0.11
2000.00 2482.76 0.00 0.22
2000.00 2586.21 0.00 0.05
2000.00 2689.66 0.00 0.11
2000.00 2793.10 0.00 -0.01
2000.00 2896.55 0.00 0.13
2000.00 3000.00 0.00 -0.01
