106.50000000 16.00000000 469.00000002 134.48634337
107.00000000 16.00000000 726.99999939 311.08705962
107.50000000 16.00000000 700.00000005 212.83255013
108.00000000 16.00000000 1133.00000016 83.13529099
108.50000000 16.00000000 -29.00000000 -1.56253609
109.00000000 16.00000000 -98.00000008 -1.33352527
109.50000000 16.00000000 -205.00000011 -0.54317592
110.00000000 16.00000000 -860.00000095 -0.16491996
110.50000000 16.00000000 -886.00000004 0.04392821
111.00000000 16.00000000 -704.99999955 0.11640466
111.50000000 16.00000000 -834.99999992 -0.60297299
112.00000000 16.00000000 -904.00000127 -0.72125797
112.50000000 16.00000000 -341.00000017 -0.03452879
113.00000000 16.00000000 -1413.99999903 -0.07496992
113.50000000 16.00000000 -2583.00000526 -0.31789863
114.00000000 16.00000000 -563.00000017 -0.07967242
114.50000000 16.00000000 -0.99999999 -0.13193411
115.00000000 16.00000000 -3514.99999892 -0.08600017
115.50000000 16.00000000 -4196.00000193 0.12069972
116.00000000 16.00000000 -4185.99999715 -0.15467292
116.50000000 16.00000000 -4169.00000174 0.10834904
117.00000000 16.00000000 -4029.00000279 0.07434975
117.50000000 16.00000000 -4089.99999884 0.49593961
118.00000000 16.00000000 -3935.00000100 -1.60177402
118.50000000 16.00000000 -3594.00000111 0.26163292
106.50000000 16.50000000 368.00000013 99.02112703
107.00000000 16.50000000 337.00000015 120.66360102
107.50000000 16.50000000 3.99999999 14.48906088
108.00000000 16.50000000 -31.00000001 8.16186387
108.50000000 16.50000000 -83.00000007 -0.66284741
109.00000000 16.50000000 -110.00000003 -0.08548106
109.50000000 16.50000000 -585.99999881 -0.04618991
110.00000000 16.50000000 -1284.00000051 -0.01436780
110.50000000 16.50000000 -1364.00000119 0.01497045
111.00000000 16.50000000 -1068.00000063 0.00514181
111.50000000 16.50000000 -60.00000000 -0.03732305
112.00000000 16.50000000 -837.99999882 -0.04262743
112.50000000 16.50000000 -18.99999995 -0.00040763
113.00000000 16.50000000 -1076.99999964 -0.00323674
113.50000000 16.50000000 -2035.99999832 -0.01874579
114.00000000 16.50000000 -2924.99999864 0.00435763
114.50000000 16.50000000 -2718.00000003 0.00202399
115.00000000 16.50000000 -3226.00000233 -0.00292177
115.50000000 16.50000000 -4067.99999793 0.00989617
116.00000000 16.50000000 -4138.99999929 -0.00995129
116.50000000 16.50000000 -4140.00000197 0.00084214
117.00000000 16.50000000 -4009.00000139 0.01321207
117.50000000 16.50000000 -3859.00000168 0.04406662
118.00000000 16.50000000 -3640.99999556 -0.08985776
118.50000000 16.50000000 -4071.99999799 -0.10549826
106.50000000 17.00000000 511.99999963 141.57876579
107.00000000 17.00000000 12.00000000 16.72725157
107.50000000 17.00000000 -48.00000000 -0.06380357
108.00000000 17.00000000 -68.00000001 -0.24926843
108.50000000 17.00000000 -99.00000009 0.06641782
109.00000000 17.00000000 -80.99999985 0.03078449
109.50000000 17.00000000 -20.99999999 -0.08724225
110.00000000 17.00000000 -1070.00000021 -0.00774950
110.50000000 17.00000000 -1497.00000222 -0.10586116
111.00000000 17.00000000 -1428.00000114 0.03776542
111.50000000 17.00000000 -685.99999981 0.02882301
112.00000000 17.00000000 -707.00000018 0.04040947
112.50000000 17.00000000 -731.99999989 -0.04046217
113.00000000 17.00000000 -1655.99999988 -0.00948419
113.50000000 17.00000000 -2210.00000026 0.05166702
114.00000000 17.00000000 -3052.99999978 -0.08565104
114.50000000 17.00000000 -2088.00000301 -0.10276525
115.00000000 17.00000000 -2924.99999701 -0.01478372
115.50000000 17.00000000 -3504.99999769 0.06789226
116.00000000 17.00000000 -4051.00000263 0.00547168
116.50000000 17.00000000 -4042.00000398 -0.02371415
117.00000000 17.00000000 -4000.99999755 -0.01474328
117.50000000 17.00000000 -3879.99999803 -0.04327919
118.00000000 17.00000000 -3970.00000422 -0.05166917
118.50000000 17.00000000 -3997.00000375 -0.80053568
106.50000000 17.50000000 23.00000001 44.29710544
107.00000000 17.50000000 -41.00000002 -0.61500167
107.50000000 17.50000000 -63.99999998 -0.00695286
108.00000000 17.50000000 -85.99999998 -0.02117571
108.50000000 17.50000000 -86.99999994 -0.00318687
109.00000000 17.50000000 -79.99999996 0.00131170
109.50000000 17.50000000 -110.99999999 0.01077100
110.00000000 17.50000000 -120.99999999 0.01304484
110.50000000 17.50000000 -886.00000041 -0.00336789
111.00000000 17.50000000 -1557.99999986 0.00276725
111.50000000 17.50000000 -1289.99999982 0.00272720
112.00000000 17.50000000 -1184.00000240 0.00460085
112.50000000 17.50000000 -1411.99999875 -0.00151725
113.00000000 17.50000000 -1394.00000065 -0.00058373
113.50000000 17.50000000 -2779.00000094 0.00295416
114.00000000 17.50000000 -3458.00000296 -0.00753159
114.50000000 17.50000000 -3509.00000197 -0.00709848
115.00000000 17.50000000 -3314.00000345 -0.00108886
115.50000000 17.50000000 -3544.00000007 0.00315880
116.00000000 17.50000000 -3927.00000357 0.00108940
116.50000000 17.50000000 -3797.99999883 -0.00337451
117.00000000 17.50000000 -4060.00000081 -0.00079181
117.50000000 17.50000000 -3962.99999542 0.00463779
118.00000000 17.50000000 -3940.00000089 -0.02410646
118.50000000 17.50000000 -4126.00000433 -0.45266475
106.50000000 18.00000000 -4.99999999 0.22300254
107.00000000 18.00000000 -58.00000003 -0.09754772
107.50000000 18.00000000 -70.00000001 -0.02539259
108.00000000 18.00000000 -89.99999999 0.02508572
108.50000000 18.00000000 -82.00000004 -0.00034766
109.00000000 18.00000000 -62.99999993 -0.63950452
109.50000000 18.00000000 -71.00000000 -0.00443934
110.00000000 18.00000000 -104.99999991 -0.27270345
110.50000000 18.00000000 -149.99999999 0.06202666
111.00000000 18.00000000 -1418.00000018 -0.02666127
111.50000000 18.00000000 -2084.00000323 -0.01219430
112.00000000 18.00000000 -2373.00000101 -0.01701339
112.50000000 18.00000000 -2635.00000425 0.02614931
113.00000000 18.00000000 -2057.99999967 0.00650037
113.50000000 18.00000000 -2033.99999945 -0.02100184
114.00000000 18.00000000 -3082.00000037 0.04996276
114.50000000 18.00000000 -3648.00000091 0.04696821
115.00000000 18.00000000 -3741.00000117 0.00947047
115.50000000 18.00000000 -3786.99999750 -0.03675298
116.00000000 18.00000000 -3867.99999874 0.00008974
116.50000000 18.00000000 -3951.00000374 -0.01002683
117.00000000 18.00000000 -3962.00000026 0.00680087
117.50000000 18.00000000 -3948.00000012 0.04910609
118.00000000 18.00000000 -3881.00000308 0.01721991
118.50000000 18.00000000 -3946.99999679 0.01091390
106.50000000 18.50000000 -33.99999999 0.00391495
107.00000000 18.50000000 -67.99999996 -0.00606573
107.50000000 18.50000000 -69.00000003 0.03563795
108.00000000 18.50000000 -62.00000010 -0.03818787
108.50000000 18.50000000 -19.99999996 -0.73623043
109.00000000 18.50000000 144.00000003 52.77929783
109.50000000 18.50000000 379.00000031 92.61387000
110.00000000 18.50000000 28.00000000 38.88984856
110.50000000 18.50000000 -88.00000007 -0.11684089
111.00000000 18.50000000 -170.99999969 0.01168666
111.50000000 18.50000000 -457.00000014 0.00734696
112.00000000 18.50000000 -706.99999987 -0.00009445
112.50000000 18.50000000 -1145.99999955 0.00000139
113.00000000 18.50000000 -1626.00000039 -0.00004953
113.50000000 18.50000000 -1678.00000068 -0.00244951
114.00000000 18.50000000 -2150.00000219 0.00413875
114.50000000 18.50000000 -3622.99999937 0.00568097
115.00000000 18.50000000 -3677.99999852 0.00042617
115.50000000 18.50000000 -3761.00000248 -0.00510264
116.00000000 18.50000000 -3766.00000656 -0.00018804
116.50000000 18.50000000 -3863.99999725 0.00510540
117.00000000 18.50000000 -3859.99999795 0.00025734
117.50000000 18.50000000 -3867.00000134 -0.00481015
118.00000000 18.50000000 -3846.00000240 0.00191185
118.50000000 18.50000000 -4041.00000158 0.01464558
106.50000000 19.00000000 -36.99999995 -0.04461279
107.00000000 19.00000000 -59.99999997 0.01917944
107.50000000 19.00000000 -52.00000004 0.01223882
108.00000000 19.00000000 -50.00000000 -0.05197632
108.50000000 19.00000000 -20.00000000 -0.36510346
109.00000000 19.00000000 131.00000000 138.69146610
109.50000000 19.00000000 817.00000029 191.22526550
110.00000000 19.00000000 434.00000010 88.88633140
110.50000000 19.00000000 14.00000000 5.96229411
111.00000000 19.00000000 -95.99999998 -0.14915984
111.50000000 19.00000000 -152.00000011 0.01354052
112.00000000 19.00000000 -144.00000016 0.01012116
112.50000000 19.00000000 -264.99999991 -0.01904216
113.00000000 19.00000000 -494.99999987 -0.00440480
113.50000000 19.00000000 -868.00000092 0.01062521
114.00000000 19.00000000 -1074.99999952 -0.03147329
114.50000000 19.00000000 -1686.00000100 -0.02420945
115.00000000 19.00000000 -2393.99999744 -0.00625642
115.50000000 19.00000000 -2559.00000022 0.02321138
116.00000000 19.00000000 -3028.00000093 -0.00196958
116.50000000 19.00000000 -2936.00000039 0.01295994
117.00000000 19.00000000 -3779.00000049 -0.00319379
117.50000000 19.00000000 -3756.99999851 -0.03004237
118.00000000 19.00000000 -3748.99999713 -0.01204403
118.50000000 19.00000000 -3743.00000206 -0.00712308
106.50000000 19.50000000 -31.99999998 0.01979468
107.00000000 19.50000000 -48.99999997 0.00169636
107.50000000 19.50000000 -42.99999999 0.00402787
108.00000000 19.50000000 -57.00000001 -0.00837346
108.50000000 19.50000000 -48.00000000 -0.16957707
109.00000000 19.50000000 39.00000000 9.08528382
109.50000000 19.50000000 146.99999998 46.50190580
110.00000000 19.50000000 100.00000007 35.01607146
110.50000000 19.50000000 143.99999992 15.46840636
111.00000000 19.50000000 -41.00000002 0.73407567
111.50000000 19.50000000 -107.00000016 -0.02704185
112.00000000 19.50000000 -135.00000004 0.00075625
112.50000000 19.50000000 -172.00000006 -0.00061427
113.00000000 19.50000000 -219.99999998 -0.00034229
113.50000000 19.50000000 -374.99999996 0.00041467
114.00000000 19.50000000 -570.00000012 -0.00247977
114.50000000 19.50000000 -1120.00000101 -0.00154457
115.00000000 19.50000000 -1544.00000039 -0.00043685
115.50000000 19.50000000 -2422.99999840 0.00079568
116.00000000 19.50000000 -2053.00000174 0.00015837
116.50000000 19.50000000 -2112.00000158 0.00036051
117.00000000 19.50000000 -3150.99999889 -0.00028899
117.50000000 19.50000000 -3360.99999844 -0.00146995
118.00000000 19.50000000 -3528.99999567 -0.00090084
118.50000000 19.50000000 -3387.99999752 0.00083821
106.50000000 20.00000000 -24.00000002 -0.00834314
107.00000000 20.00000000 -31.00000001 -0.02235634
107.50000000 20.00000000 -29.99999999 -0.00880621
108.00000000 20.00000000 -49.00000001 0.00103222
108.50000000 20.00000000 -55.99999999 -0.00086737
109.00000000 20.00000000 -29.00000000 -0.13962975
109.50000000 20.00000000 -17.99999999 2.92356228
110.00000000 20.00000000 -14.00000000 4.92652908
110.50000000 20.00000000 3.00000000 3.95854760
111.00000000 20.00000000 -22.00000000 2.19644535
111.50000000 20.00000000 -75.00000004 -0.03672045
112.00000000 20.00000000 -96.99999987 -0.00565814
112.50000000 20.00000000 -88.00000000 0.01331640
113.00000000 20.00000000 -114.99999997 0.00248559
113.50000000 20.00000000 -202.00000003 -0.00567812
114.00000000 20.00000000 -363.99999971 0.01976900
114.50000000 20.00000000 -224.00000001 0.01277882
115.00000000 20.00000000 -790.00000026 0.00401047
115.50000000 20.00000000 -1366.00000011 -0.01482998
116.00000000 20.00000000 -1243.00000076 0.00253967
116.50000000 20.00000000 -1095.99999927 -0.01202058
117.00000000 20.00000000 -1617.99999938 0.00147189
117.50000000 20.00000000 -2494.99999961 0.01943852
118.00000000 20.00000000 -3039.00000344 0.00791062
118.50000000 20.00000000 -2952.00000180 0.00394016
106.50000000 20.50000000 2.00000000 0.43072534
107.00000000 20.50000000 -22.99999999 0.06395154
107.50000000 20.50000000 -32.00000001 -0.16812291
108.00000000 20.50000000 -44.00000002 -0.00607280
108.50000000 20.50000000 -46.99999999 0.00292865
109.00000000 20.50000000 -31.00000000 0.00036284
109.50000000 20.50000000 -12.00000000 -0.23837476
110.00000000 20.50000000 36.99999998 17.33588860
110.50000000 20.50000000 16.00000000 5.74870206
111.00000000 20.50000000 -28.00000001 -0.13993867
111.50000000 20.50000000 -57.00000001 -0.00433301
112.00000000 20.50000000 -59.00000000 -0.00022127
112.50000000 20.50000000 -76.00000007 0.00126695
113.00000000 20.50000000 -88.99999989 0.00031259
113.50000000 20.50000000 -90.00000000 0.00003772
114.00000000 20.50000000 -121.99999999 0.00198809
114.50000000 20.50000000 -132.99999996 0.00078128
115.00000000 20.50000000 -143.00000017 0.00041447
115.50000000 20.50000000 -412.99999964 -0.00039688
116.00000000 20.50000000 -596.99999979 0.00004517
116.50000000 20.50000000 -457.99999995 -0.00107867
117.00000000 20.50000000 -609.00000036 0.00022052
117.50000000 20.50000000 -1462.00000088 0.00186147
118.00000000 20.50000000 -803.00000111 0.00042309
118.50000000 20.50000000 -2687.00000023 -0.00770850
106.50000000 21.00000000 11.00000001 14.94031424
107.00000000 21.00000000 1.00000004 23.65129290
107.50000000 21.00000000 16.00000002 7.03675178
108.00000000 21.00000000 -30.00000001 -0.48913538
108.50000000 21.00000000 -32.00000002 0.00497251
109.00000000 21.00000000 -24.99999999 -0.01875925
109.50000000 21.00000000 -12.99999999 -0.12363199
110.00000000 21.00000000 27.99999999 7.03482894
110.50000000 21.00000000 41.99999999 5.55272675
111.00000000 21.00000000 -25.00000000 -0.31706974
111.50000000 21.00000000 -36.99999996 -0.17355149
112.00000000 21.00000000 -43.00000000 -0.00550421
112.50000000 21.00000000 -52.00000005 0.01194159
113.00000000 21.00000000 -67.99999999 -0.00421575
113.50000000 21.00000000 -77.00000002 0.00555833
114.00000000 21.00000000 -89.99999997 -0.01032877
114.50000000 21.00000000 -87.99999995 -0.00608614
115.00000000 21.00000000 -108.00000005 -0.00199569
115.50000000 21.00000000 -148.00000007 0.00783074
116.00000000 21.00000000 -128.00000020 -0.00183429
116.50000000 21.00000000 -306.99999980 0.00677830
117.00000000 21.00000000 -237.00000001 -0.00052448
117.50000000 21.00000000 -668.00000090 -0.00844366
118.00000000 21.00000000 -1751.99999982 -0.00672025
118.50000000 21.00000000 -2466.00000106 -0.06466207
106.50000000 21.50000000 188.00000004 61.00779612
107.00000000 21.50000000 258.00000013 103.72342760
107.50000000 21.50000000 760.00000012 81.87746151
108.00000000 21.50000000 2.00000000 10.87496129
108.50000000 21.50000000 -4.00000000 1.05261644
109.00000000 21.50000000 -10.00000000 0.57407047
109.50000000 21.50000000 17.00000000 4.84557936
110.00000000 21.50000000 8.00000001 6.99342916
110.50000000 21.50000000 24.00000000 5.87034267
111.00000000 21.50000000 2.00000001 10.20673161
111.50000000 21.50000000 -1.00000000 13.06704623
112.00000000 21.50000000 -20.00000000 0.48126787
112.50000000 21.50000000 -20.00000001 1.38001224
113.00000000 21.50000000 -30.00000005 -0.42281409
113.50000000 21.50000000 -38.00000002 -0.12138152
114.00000000 21.50000000 -48.99999998 0.03237821
114.50000000 21.50000000 -76.00000004 0.01298603
115.00000000 21.50000000 -93.00000006 -0.00193297
115.50000000 21.50000000 -121.00000007 -0.00773763
116.00000000 21.50000000 -174.99999992 0.00119129
116.50000000 21.50000000 -257.00000016 0.01781431
117.00000000 21.50000000 -344.99999987 -0.00290685
117.50000000 21.50000000 -452.99999979 -0.03166232
118.00000000 21.50000000 -1499.00000023 0.00014944
118.50000000 21.50000000 -2327.00000069 -0.06109350
106.50000000 22.00000000 356.99999997 97.81162274
107.00000000 22.00000000 205.00000002 87.96611953
107.50000000 22.00000000 491.99999980 126.05420687
108.00000000 22.00000000 245.00000019 114.31021471
108.50000000 22.00000000 17.00000002 8.79359821
109.00000000 22.00000000 49.00000002 16.40821404
109.50000000 22.00000000 63.00000000 27.36835290
110.00000000 22.00000000 96.00000002 34.54584813
110.50000000 22.00000000 64.99999999 20.28559296
111.00000000 22.00000000 76.99999998 97.34791898
111.50000000 22.00000000 62.00000016 53.37447740
112.00000000 22.00000000 342.00000001 15.33716834
112.50000000 22.00000000 127.99999988 29.11515426
113.00000000 22.00000000 1.00000001 8.97399078
113.50000000 22.00000000 -5.00000001 9.42479133
114.00000000 22.00000000 -23.00000000 -0.38060387
114.50000000 22.00000000 -47.00000004 -0.13024145
115.00000000 22.00000000 -67.99999994 -0.00686020
115.50000000 22.00000000 -84.99999997 0.04570022
116.00000000 22.00000000 -89.99999999 -0.00241738
116.50000000 22.00000000 -93.00000005 -0.00584642
117.00000000 22.00000000 -95.00000002 0.00127131
117.50000000 22.00000000 -112.00000000 0.02444127
118.00000000 22.00000000 -252.00000004 -0.02100143
118.50000000 22.00000000 -1327.00000044 -0.40591326
106.50000000 22.50000000 417.99999977 104.93370937
107.00000000 22.50000000 203.99999992 73.28080436
107.50000000 22.50000000 182.99999993 61.11517966
108.00000000 22.50000000 141.00000007 57.43362628
108.50000000 22.50000000 110.99999997 36.59035608
109.00000000 22.50000000 100.00000009 23.54664734
109.50000000 22.50000000 469.00000006 44.00035701
110.00000000 22.50000000 77.00000002 60.75000281
110.50000000 22.50000000 158.99999999 58.49131229
111.00000000 22.50000000 290.99999991 145.47521687
111.50000000 22.50000000 228.99999992 119.25153966
112.00000000 22.50000000 123.00000011 63.37076985
112.50000000 22.50000000 11.00000002 42.59525740
113.00000000 22.50000000 -1.00000000 15.25216637
113.50000000 22.50000000 16.99999998 9.26295405
114.00000000 22.50000000 -3.99999999 29.62707132
114.50000000 22.50000000 247.00000009 7.11893263
115.00000000 22.50000000 -19.00000001 -2.29151051
115.50000000 22.50000000 -30.99999997 1.78755968
116.00000000 22.50000000 -36.99999998 -0.75171827
116.50000000 22.50000000 -41.00000007 -0.07610737
117.00000000 22.50000000 -44.99999993 -0.00264203
117.50000000 22.50000000 -44.99999995 0.00343697
118.00000000 22.50000000 -39.00000001 -0.02560576
118.50000000 22.50000000 -123.00000000 -0.51480139
106.50000000 23.00000000 643.00000059 189.57443212
107.00000000 23.00000000 513.00000028 168.39173681
107.50000000 23.00000000 326.00000010 108.07015229
108.00000000 23.00000000 91.00000004 41.14774128
108.50000000 23.00000000 237.00000008 65.61704252
109.00000000 23.00000000 146.99999997 39.89446883
109.50000000 23.00000000 44.99999995 59.60405350
110.00000000 23.00000000 74.00000002 34.99206275
110.50000000 23.00000000 293.00000021 65.96945189
111.00000000 23.00000000 206.00000001 78.76113617
111.50000000 23.00000000 301.99999982 56.55490113
112.00000000 23.00000000 189.00000000 51.98444337
112.50000000 23.00000000 54.00000000 31.29111289
113.00000000 23.00000000 1.00000002 2.77510979
113.50000000 23.00000000 14.00000000 8.53728104
114.00000000 23.00000000 10.00000000 1.58664525
114.50000000 23.00000000 11.99999998 13.51802541
115.00000000 23.00000000 390.00000004 89.44232020
115.50000000 23.00000000 271.99999998 58.72416691
116.00000000 23.00000000 124.00000000 31.84478890
116.50000000 23.00000000 9.00000000 1.44686210
117.00000000 23.00000000 -29.99999998 -0.15889420
117.50000000 23.00000000 -25.00000001 0.02557265
118.00000000 23.00000000 -20.00000000 -0.03786309
118.50000000 23.00000000 -10.00000000 -0.76477361
106.50000000 23.50000000 1017.00000144 236.50336005
107.00000000 23.50000000 406.00000007 114.72230579
107.50000000 23.50000000 278.00000017 118.34281356
108.00000000 23.50000000 244.99999996 77.36582969
108.50000000 23.50000000 354.99999973 147.88142159
109.00000000 23.50000000 99.00000002 30.31183294
109.50000000 23.50000000 118.00000002 46.85979996
110.00000000 23.50000000 530.99999990 71.77232325
110.50000000 23.50000000 29.00000004 40.28327923
111.00000000 23.50000000 98.00000004 40.40889330
111.50000000 23.50000000 55.99999996 39.33913997
112.00000000 23.50000000 525.99999954 82.10904022
112.50000000 23.50000000 150.99999992 54.11024685
113.00000000 23.50000000 8.00000000 16.56249006
113.50000000 23.50000000 30.00000003 29.99268472
114.00000000 23.50000000 49.99999999 51.79016859
114.50000000 23.50000000 34.00000004 40.24863246
115.00000000 23.50000000 152.00000006 96.40508660
115.50000000 23.50000000 287.99999984 135.86641922
116.00000000 23.50000000 52.00000006 79.14405571
116.50000000 23.50000000 5.99999999 12.95881658
117.00000000 23.50000000 -0.99999997 0.95517615
117.50000000 23.50000000 -24.00000001 -2.79225267
118.00000000 23.50000000 -26.00000003 -0.20089535
118.50000000 23.50000000 -44.00000000 -1.14176632
106.50000000 24.00000000 434.99999990 143.99482728
107.00000000 24.00000000 559.00000001 146.89072754
107.50000000 24.00000000 289.00000004 118.38289637
108.00000000 24.00000000 236.00000001 120.46162733
108.50000000 24.00000000 262.00000005 113.28430940
109.00000000 24.00000000 193.99999979 86.40604916
109.50000000 24.00000000 89.99999999 41.53889089
110.00000000 24.00000000 339.99999998 170.68203327
110.50000000 24.00000000 407.99999998 110.74333193
111.00000000 24.00000000 382.00000002 86.49998343
111.50000000 24.00000000 103.00000007 70.18067926
112.00000000 24.00000000 68.99999972 59.63920183
112.50000000 24.00000000 555.99999984 132.03503417
113.00000000 24.00000000 309.99999999 62.32885043
113.50000000 24.00000000 374.00000011 76.80287933
114.00000000 24.00000000 795.99999987 81.47831869
114.50000000 24.00000000 322.00000014 86.06797783
115.00000000 24.00000000 276.99999991 60.45700900
115.50000000 24.00000000 271.99999998 74.77661895
116.00000000 24.00000000 146.99999995 111.74017447
116.50000000 24.00000000 132.00000024 107.66869368
117.00000000 24.00000000 131.99999999 127.46264799
117.50000000 24.00000000 591.99999989 93.25650790
118.00000000 24.00000000 -20.00000001 0.14513755
118.50000000 24.00000000 -45.00000000 -0.27110677
106.50000000 24.50000000 813.00000137 334.33104079
107.00000000 24.50000000 919.00000077 239.47409712
107.50000000 24.50000000 359.99999978 231.50786229
108.00000000 24.50000000 578.99999935 110.15237749
108.50000000 24.50000000 181.00000004 85.61810591
109.00000000 24.50000000 221.00000007 77.32462329
109.50000000 24.50000000 99.99999996 46.46004459
110.00000000 24.50000000 183.00000013 102.58585324
110.50000000 24.50000000 278.99999991 76.67603371
111.00000000 24.50000000 293.99999995 92.23462704
111.50000000 24.50000000 147.00000000 128.11949558
112.00000000 24.50000000 878.99999990 145.18850743
112.50000000 24.50000000 411.99999996 121.07358376
113.00000000 24.50000000 481.99999995 130.05514658
113.50000000 24.50000000 331.99999971 74.03613225
114.00000000 24.50000000 605.99999950 160.67739277
114.50000000 24.50000000 600.99999988 138.47151048
115.00000000 24.50000000 548.00000009 109.74258472
115.50000000 24.50000000 253.99999991 100.94453803
116.00000000 24.50000000 211.99999992 81.70274345
116.50000000 24.50000000 484.99999977 89.61957788
117.00000000 24.50000000 818.99999967 201.66033963
117.50000000 24.50000000 165.00000002 78.24800477
118.00000000 24.50000000 139.99999997 20.59584261
118.50000000 24.50000000 -10.00000000 -0.34615466
106.50000000 25.00000000 920.00000005 276.84017921
107.00000000 25.00000000 500.00000042 211.65226130
107.50000000 25.00000000 936.00000032 261.03283696
108.00000000 25.00000000 398.00000013 150.72641186
108.50000000 25.00000000 318.99999982 132.42283626
109.00000000 25.00000000 127.99999981 101.75257655
109.50000000 25.00000000 364.99999980 101.75415806
110.00000000 25.00000000 173.00000007 104.28949168
110.50000000 25.00000000 410.00000001 95.99685671
111.00000000 25.00000000 1016.99999964 129.68890320
111.50000000 25.00000000 266.00000011 127.24974065
112.00000000 25.00000000 943.99999988 223.46926461
112.50000000 25.00000000 437.00000001 144.40672285
113.00000000 25.00000000 935.99999955 248.49796516
113.50000000 25.00000000 246.99999993 84.20620724
114.00000000 25.00000000 122.00000015 101.83300562
114.50000000 25.00000000 535.00000010 147.10264591
115.00000000 25.00000000 518.99999980 102.11581502
115.50000000 25.00000000 815.00000029 171.27748110
116.00000000 25.00000000 362.99999993 155.62790822
116.50000000 25.00000000 336.99999993 120.09212487
117.00000000 25.00000000 454.99999935 211.06426250
117.50000000 25.00000000 166.00000018 138.61770617
118.00000000 25.00000000 262.00000055 126.23408084
118.50000000 25.00000000 86.00000001 27.25005156
106.50000000 25.50000000 809.00000019 196.90860674
107.00000000 25.50000000 798.99999963 248.39944581
107.50000000 25.50000000 996.00000041 287.49468133
108.00000000 25.50000000 731.00000002 237.18348729
108.50000000 25.50000000 878.99999989 300.35946616
109.00000000 25.50000000 363.00000013 197.99596413
109.50000000 25.50000000 298.99999998 103.87217388
110.00000000 25.50000000 747.00000017 185.13523691
110.50000000 25.50000000 878.99999998 96.48139257
111.00000000 25.50000000 1086.00000011 199.28437271
111.50000000 25.50000000 211.99999996 99.25051578
112.00000000 25.50000000 260.99999986 136.73061357
112.50000000 25.50000000 394.00000031 137.16064363
113.00000000 25.50000000 299.00000007 169.64359804
113.50000000 25.50000000 684.00000002 184.41836799
114.00000000 25.50000000 907.99999997 153.17790869
114.50000000 25.50000000 179.99999995 113.49351909
115.00000000 25.50000000 207.99999999 95.64589973
115.50000000 25.50000000 263.99999999 102.26130043
116.00000000 25.50000000 683.99999982 145.72850622
116.50000000 25.50000000 686.00000006 162.21628719
117.00000000 25.50000000 988.99999980 269.68419104
117.50000000 25.50000000 385.99999965 205.12968876
118.00000000 25.50000000 599.00000046 236.05845459
118.50000000 25.50000000 730.99999989 186.25280992
106.50000000 26.00000000 1045.00000011 310.14187642
107.00000000 26.00000000 1086.00000006 349.90498497
107.50000000 26.00000000 934.00000030 300.31683354
108.00000000 26.00000000 470.00000031 202.30866810
108.50000000 26.00000000 473.99999981 171.63458243
109.00000000 26.00000000 649.99999988 192.34987642
109.50000000 26.00000000 545.99999992 164.43830866
110.00000000 26.00000000 1304.99999953 248.19715046
110.50000000 26.00000000 946.99999816 258.70071419
111.00000000 26.00000000 187.00000009 138.99993435
111.50000000 26.00000000 658.99999964 149.24566659
112.00000000 26.00000000 800.00000054 193.29881397
112.50000000 26.00000000 357.00000006 91.69786067
113.00000000 26.00000000 137.99999995 69.46008018
113.50000000 26.00000000 356.99999997 194.79820261
114.00000000 26.00000000 1215.00000007 296.75858749
114.50000000 26.00000000 326.99999988 98.72579186
115.00000000 26.00000000 364.99999998 56.39946955
115.50000000 26.00000000 234.99999985 100.17300406
116.00000000 26.00000000 316.99999973 94.39148551
116.50000000 26.00000000 802.99999987 188.37208559
117.00000000 26.00000000 684.99999982 176.26878184
117.50000000 26.00000000 1090.00000004 235.79229742
118.00000000 26.00000000 554.00000001 178.96499605
118.50000000 26.00000000 867.00000065 216.87817384
106.50000000 26.50000000 1271.00000146 353.17799260
107.00000000 26.50000000 1158.00000035 396.82233567
107.50000000 26.50000000 1140.99999950 325.55406834
108.00000000 26.50000000 1123.99999909 274.78538614
108.50000000 26.50000000 761.99999964 294.78974676
109.00000000 26.50000000 692.00000039 237.85696170
109.50000000 26.50000000 534.99999991 161.02908260
110.00000000 26.50000000 443.00000020 176.40168824
110.50000000 26.50000000 1093.00000000 248.12133045
111.00000000 26.50000000 561.99999902 226.33004554
111.50000000 26.50000000 136.99999995 69.60206848
112.00000000 26.50000000 353.00000001 47.94388066
112.50000000 26.50000000 106.00000006 38.57894334
113.00000000 26.50000000 133.99999996 44.94231358
113.50000000 26.50000000 221.99999986 105.02193954
114.00000000 26.50000000 651.00000037 266.56965616
114.50000000 26.50000000 412.99999990 76.17015614
115.00000000 26.50000000 448.00000025 68.10498426
115.50000000 26.50000000 411.99999984 123.96231633
116.00000000 26.50000000 206.99999988 121.29842048
116.50000000 26.50000000 498.00000020 138.15541290
117.00000000 26.50000000 424.99999967 174.73977171
117.50000000 26.50000000 689.99999987 194.10021496
118.00000000 26.50000000 390.00000005 118.94787662
118.50000000 26.50000000 213.99999956 135.52351998
106.50000000 27.00000000 1319.00000116 358.27893050
107.00000000 27.00000000 1176.00000030 355.87951676
107.50000000 27.00000000 1398.99999994 381.48495485
108.00000000 27.00000000 849.00000038 235.39279299
108.50000000 27.00000000 904.99999929 260.02407838
109.00000000 27.00000000 721.00000029 204.23997811
109.50000000 27.00000000 483.99999992 150.45106500
110.00000000 27.00000000 275.00000015 165.00760022
110.50000000 27.00000000 442.99999975 199.09019479
111.00000000 27.00000000 393.99999996 101.65495705
111.50000000 27.00000000 264.00000009 109.25217444
112.00000000 27.00000000 282.00000008 80.81395033
112.50000000 27.00000000 103.00000008 30.55154606
113.00000000 27.00000000 145.00000003 37.60810934
113.50000000 27.00000000 420.99999994 83.14397429
114.00000000 27.00000000 146.99999990 104.20446423
114.50000000 27.00000000 193.99999992 57.36080541
115.00000000 27.00000000 79.00000002 21.44917961
115.50000000 27.00000000 189.00000000 55.54150004
116.00000000 27.00000000 475.00000001 137.11578861
116.50000000 27.00000000 324.99999999 100.56455990
117.00000000 27.00000000 479.99999997 170.61263153
117.50000000 27.00000000 766.99999991 170.52323912
118.00000000 27.00000000 380.00000045 110.74738568
118.50000000 27.00000000 418.99999990 132.17860410
106.50000000 27.50000000 856.99999985 292.12154917
107.00000000 27.50000000 971.99999972 278.39003802
107.50000000 27.50000000 956.00000010 255.49157543
108.00000000 27.50000000 1035.99999976 230.28414368
108.50000000 27.50000000 1107.99999955 241.26987838
109.00000000 27.50000000 597.00000005 177.37661500
109.50000000 27.50000000 782.00000055 121.25652400
110.00000000 27.50000000 355.99999995 98.43420336
110.50000000 27.50000000 973.00000015 204.12919030
111.00000000 27.50000000 698.00000025 171.79861870
111.50000000 27.50000000 517.00000013 110.92668440
112.00000000 27.50000000 167.00000001 66.50792985
112.50000000 27.50000000 109.99999999 57.11216990
113.00000000 27.50000000 97.00000001 27.00837097
113.50000000 27.50000000 70.00000012 48.05968234
114.00000000 27.50000000 415.99999974 159.80130260
114.50000000 27.50000000 547.99999961 110.45383020
115.00000000 27.50000000 234.00000010 31.06331265
115.50000000 27.50000000 131.99999998 39.17213596
116.00000000 27.50000000 136.99999974 75.65731312
116.50000000 27.50000000 667.00000002 71.62980570
117.00000000 27.50000000 683.99999953 149.58997451
117.50000000 27.50000000 1024.00000012 210.90066800
118.00000000 27.50000000 356.00000004 96.57974478
118.50000000 27.50000000 311.00000020 118.20457588
106.50000000 28.00000000 1112.99999979 297.45162963
107.00000000 28.00000000 1056.00000084 296.43756586
107.50000000 28.00000000 961.99999947 265.14309686
108.00000000 28.00000000 714.99999961 268.01684606
108.50000000 28.00000000 829.00000002 259.58047489
109.00000000 28.00000000 661.99999965 249.18717750
109.50000000 28.00000000 456.00000008 143.15271002
110.00000000 28.00000000 221.99999963 71.39996229
110.50000000 28.00000000 338.00000005 88.48788439
111.00000000 28.00000000 653.00000015 91.72613885
111.50000000 28.00000000 423.99999997 126.78174589
112.00000000 28.00000000 267.99999997 88.33366754
112.50000000 28.00000000 134.99999987 30.62847706
113.00000000 28.00000000 61.00000000 17.32691866
113.50000000 28.00000000 287.99999996 66.33564753
114.00000000 28.00000000 269.99999992 73.64133205
114.50000000 28.00000000 217.99999996 77.49149326
115.00000000 28.00000000 64.00000002 28.87584901
115.50000000 28.00000000 29.00000000 15.63511086
116.00000000 28.00000000 68.99999998 33.89826250
116.50000000 28.00000000 93.00000006 20.63444899
117.00000000 28.00000000 153.99999991 62.54264941
117.50000000 28.00000000 349.00000000 125.99744405
118.00000000 28.00000000 1600.99999972 251.37917546
118.50000000 28.00000000 315.99999984 89.24980153
