0.00000 0.00000 0.00000 0.11601
0.00000 102.56410 0.00000 0.16315
0.00000 205.12821 0.00000 0.19488
0.00000 307.69231 0.00000 0.06562
0.00000 410.25641 0.00000 0.26470
0.00000 512.82051 0.00000 0.19494
0.00000 615.38462 0.00000 0.06524
0.00000 717.94872 0.00000 0.32027
0.00000 820.51282 0.00000 0.34226
0.00000 923.07692 0.00000 0.32429
0.00000 1025.64103 0.00000 0.30139
0.00000 1128.20513 0.00000 0.48358
0.00000 1230.76923 0.00000 0.50175
0.00000 1333.33333 0.00000 0.64969
0.00000 1435.89744 0.00000 0.63653
0.00000 1538.46154 0.00000 0.63529
0.00000 1641.02564 0.00000 0.39678
0.00000 1743.58974 0.00000 0.51722
0.00000 1846.15385 0.00000 0.59078
0.00000 1948.71795 0.00000 0.54717
0.00000 2051.28205 0.00000 0.55647
0.00000 2153.84615 0.00000 0.32002
0.00000 2256.41026 0.00000 0.46053
0.00000 2358.97436 0.00000 0.27024
0.00000 2461.53846 0.00000 0.42315
0.00000 2564.10256 0.00000 0.57999
0.00000 2666.66667 0.00000 0.31945
0.00000 2769.23077 0.00000 0.38841
0.00000 2871.79487 0.00000 0.35737
0.00000 2974.35897 0.00000 0.21882
0.00000 3076.92308 0.00000 0.34353
0.00000 3179.48718 0.00000 0.38124
0.00000 3282.05128 0.00000 0.39282
0.00000 3384.61538 0.00000 0.18555
0.00000 3487.17949 0.00000 0.23562
0.00000 3589.74359 0.00000 0.28176
0.00000 3692.30769 0.00000 0.20100
0.00000 3794.87179 0.00000 0.19292
0.00000 3897.43590 0.00000 0.19391
0.00000 4000.00000 0.00000 0.04871
103.44828 0.00000 0.00000 0.10597
103.44828 102.56410 0.00000 0.14420
103.44828 205.12821 0.00000 -0.01828
103.44828 307.69231 0.00000 0.08631
103.44828 410.25641 0.00000 0.27396
103.44828 512.82051 0.00000 0.36667
103.44828 615.38462 0.00000 0.37086
103.44828 717.94872 0.00000 0.32100
103.44828 820.51282 0.00000 0.45611
103.44828 923.07692 0.00000 0.47232
103.44828 1025.64103 0.00000 0.62010
103.44828 1128.20513 0.00000 0.56916
103.44828 1230.76923 0.00000 0.85197
103.44828 1333.33333 0.00000 0.69226
103.44828 1435.89744 0.00000 0.66219
103.44828 1538.46154 0.00000 0.82140
103.44828 1641.02564 0.00000 0.69800
103.44828 1743.58974 0.00000 0.54009
103.44828 1846.15385 0.00000 0.58334
103.44828 1948.71795 0.00000 0.62764
103.44828 2051.28205 0.00000 0.59872
103.44828 2153.84615 0.00000 0.59194
103.44828 2256.41026 0.00000 0.62157
103.44828 2358.97436 0.00000 0.42403
103.44828 2461.53846 0.00000 0.37432
103.44828 2564.10256 0.00000 0.71812
103.44828 2666.66667 0.00000 0.56578
103.44828 2769.23077 0.00000 0.59341
103.44828 2871.79487 0.00000 0.41199
103.44828 2974.35897 0.00000 0.42239
103.44828 3076.92308 0.00000 0.27097
103.44828 3179.48718 0.00000 0.41318
103.44828 3282.05128 0.00000 0.45973
103.44828 3384.61538 0.00000 0.33038
103.44828 3487.17949 0.00000 0.29501
103.44828 3589.74359 0.00000 0.31303
103.44828 3692.30769 0.00000 0.23483
103.44828 3794.87179 0.00000 0.14892
103.44828 3897.43590 0.00000 0.12582
103.44828 4000.00000 0.00000 0.12049
206.89655 0.00000 0.00000 0.02050
206.89655 102.56410 0.00000 0.18386
206.89655 205.12821 0.00000 0.29515
206.89655 307.69231 0.00000 0.08043
206.89655 410.25641 0.00000 0.18119
206.89655 512.82051 0.00000 0.30888
206.89655 615.38462 0.00000 0.46680
206.89655 717.94872 0.00000 0.39148
206.89655 820.51282 0.00000 0.42387
206.89655 923.07692 0.00000 0.86969
206.89655 1025.64103 0.00000 0.76483
206.89655 1128.20513 0.00000 0.88132
206.89655 1230.76923 0.00000 0.91349
206.89655 1333.33333 0.00000 1.11627
206.89655 1435.89744 0.00000 0.94960
206.89655 1538.46154 0.00000 0.94943
206.89655 1641.02564 0.00000 1.00647
206.89655 1743.58974 0.00000 0.86588
206.89655 1846.15385 0.00000 0.49258
206.89655 1948.71795 0.00000 0.53939
206.89655 2051.28205 0.00000 0.72088
206.89655 2153.84615 0.00000 0.74629
206.89655 2256.41026 0.00000 0.77476
206.89655 2358.97436 0.00000 0.66140
206.89655 2461.53846 0.00000 0.50536
206.89655 2564.10256 0.00000 0.59778
206.89655 2666.66667 0.00000 0.68009
206.89655 2769.23077 0.00000 0.56481
206.89655 2871.79487 0.00000 0.49966
206.89655 2974.35897 0.00000 0.34233
206.89655 3076.92308 0.00000 0.49392
206.89655 3179.48718 0.00000 0.38013
206.89655 3282.05128 0.00000 0.40616
206.89655 3384.61538 0.00000 0.35922
206.89655 3487.17949 0.00000 0.34953
206.89655 3589.74359 0.00000 0.16908
206.89655 3692.30769 0.00000 0.19622
206.89655 3794.87179 0.00000 0.44563
206.89655 3897.43590 0.00000 0.16465
206.89655 4000.00000 0.00000 0.15481
310.34483 0.00000 0.00000 0.14382
310.34483 102.56410 0.00000 0.04771
310.34483 205.12821 0.00000 0.20507
310.34483 307.69231 0.00000 0.18090
310.34483 410.25641 0.00000 0.41630
310.34483 512.82051 0.00000 0.52501
310.34483 615.38462 0.00000 0.45034
310.34483 717.94872 0.00000 0.61311
310.34483 820.51282 0.00000 0.69412
310.34483 923.07692 0.00000 0.77840
310.34483 1025.64103 0.00000 1.22886
310.34483 1128.20513 0.00000 1.28077
310.34483 1230.76923 0.00000 1.59048
310.34483 1333.33333 0.00000 1.40291
310.34483 1435.89744 0.00000 1.45889
310.34483 1538.46154 0.00000 1.37654
310.34483 1641.02564 0.00000 1.20472
310.34483 1743.58974 0.00000 1.02212
310.34483 1846.15385 0.00000 1.08492
310.34483 1948.71795 0.00000 0.85688
310.34483 2051.28205 0.00000 1.02404
310.34483 2153.84615 0.00000 0.71132
310.34483 2256.41026 0.00000 0.96971
310.34483 2358.97436 0.00000 0.78855
310.34483 2461.53846 0.00000 0.65649
310.34483 2564.10256 0.00000 0.65774
310.34483 2666.66667 0.00000 0.71836
310.34483 2769.23077 0.00000 0.75390
310.34483 2871.79487 0.00000 0.73213
310.34483 2974.35897 0.00000 0.55315
310.34483 3076.92308 0.00000 0.42459
310.34483 3179.48718 0.00000 0.38648
310.34483 3282.05128 0.00000 0.37554
310.34483 3384.61538 0.00000 0.28124
310.34483 3487.17949 0.00000 0.25943
310.34483 3589.74359 0.00000 0.09295
310.34483 3692.30769 0.00000 0.17797
310.34483 3794.87179 0.00000 0.33317
310.34483 3897.43590 0.00000 0.15823
310.34483 4000.00000 0.00000 0.35720
413.79310 0.00000 0.00000 0.20238
413.79310 102.56410 0.00000 0.35995
413.79310 205.12821 0.00000 0.14802
413.79310 307.69231 0.00000 0.40507
413.79310 410.25641 0.00000 0.30171
413.79310 512.82051 0.00000 0.42542
413.79310 615.38462 0.00000 0.62658
413.79310 717.94872 0.00000 0.75895
413.79310 820.51282 0.00000 0.61491
413.79310 923.07692 0.00000 1.17818
413.79310 1025.64103 0.00000 1.43744
413.79310 1128.20513 0.00000 1.80641
413.79310 1230.76923 0.00000 2.04663
413.79310 1333.33333 0.00000 2.27013
413.79310 1435.89744 0.00000 2.21186
413.79310 1538.46154 0.00000 1.93948
413.79310 1641.02564 0.00000 1.61748
413.79310 1743.58974 0.00000 1.52005
413.79310 1846.15385 0.00000 1.19097
413.79310 1948.71795 0.00000 1.13245
413.79310 2051.28205 0.00000 1.03783
413.79310 2153.84615 0.00000 0.91207
413.79310 2256.41026 0.00000 0.88729
413.79310 2358.97436 0.00000 1.01600
413.79310 2461.53846 0.00000 1.18299
413.79310 2564.10256 0.00000 1.00816
413.79310 2666.66667 0.00000 1.12697
413.79310 2769.23077 0.00000 1.05850
413.79310 2871.79487 0.00000 0.72710
413.79310 2974.35897 0.00000 0.86636
413.79310 3076.92308 0.00000 0.80003
413.79310 3179.48718 0.00000 0.75951
413.79310 3282.05128 0.00000 0.48585
413.79310 3384.61538 0.00000 0.40995
413.79310 3487.17949 0.00000 0.33537
413.79310 3589.74359 0.00000 0.14684
413.79310 3692.30769 0.00000 0.19887
413.79310 3794.87179 0.00000 0.08582
413.79310 3897.43590 0.00000 0.18014
413.79310 4000.00000 0.00000 0.09181
517.24138 0.00000 0.00000 0.21018
517.24138 102.56410 0.00000 0.01027
517.24138 205.12821 0.00000 0.11652
517.24138 307.69231 0.00000 0.23016
517.24138 410.25641 0.00000 0.30046
517.24138 512.82051 0.00000 0.46018
517.24138 615.38462 0.00000 0.59099
517.24138 717.94872 0.00000 0.78856
517.24138 820.51282 0.00000 0.86991
517.24138 923.07692 0.00000 1.44368
517.24138 1025.64103 0.00000 1.77302
517.24138 1128.20513 0.00000 2.32285
517.24138 1230.76923 0.00000 2.69479
517.24138 1333.33333 0.00000 2.62515
517.24138 1435.89744 0.00000 2.70682
517.24138 1538.46154 0.00000 2.42742
517.24138 1641.02564 0.00000 2.44134
517.24138 1743.58974 0.00000 1.80811
517.24138 1846.15385 0.00000 1.47885
517.24138 1948.71795 0.00000 1.59705
517.24138 2051.28205 0.00000 1.18518
517.24138 2153.84615 0.00000 1.26513
517.24138 2256.41026 0.00000 1.19058
517.24138 2358.97436 0.00000 1.38128
517.24138 2461.53846 0.00000 1.48475
517.24138 2564.10256 0.00000 1.70714
517.24138 2666.66667 0.00000 1.74782
517.24138 2769.23077 0.00000 1.45599
517.24138 2871.79487 0.00000 1.03138
517.24138 2974.35897 0.00000 1.12276
517.24138 3076.92308 0.00000 0.63593
517.24138 3179.48718 0.00000 0.50783
517.24138 3282.05128 0.00000 0.58721
517.24138 3384.61538 0.00000 0.23034
517.24138 3487.17949 0.00000 0.32419
517.24138 3589.74359 0.00000 0.18031
517.24138 3692.30769 0.00000 0.18077
517.24138 3794.87179 0.00000 0.11377
517.24138 3897.43590 0.00000 0.19399
517.24138 4000.00000 0.00000 -0.14344
620.68966 0.00000 0.00000 0.16688
620.68966 102.56410 0.00000 0.26894
620.68966 205.12821 0.00000 0.28226
620.68966 307.69231 0.00000 0.40066
620.68966 410.25641 0.00000 0.24789
620.68966 512.82051 0.00000 0.47228
620.68966 615.38462 0.00000 0.55755
620.68966 717.94872 0.00000 0.66049
620.68966 820.51282 0.00000 1.22560
620.68966 923.07692 0.00000 1.49126
620.68966 1025.64103 0.00000 2.26636
620.68966 1128.20513 0.00000 2.58226
620.68966 1230.76923 0.00000 3.01160
620.68966 1333.33333 0.00000 3.24580
620.68966 1435.89744 0.00000 3.32236
620.68966 1538.46154 0.00000 3.32349
620.68966 1641.02564 0.00000 3.06252
620.68966 1743.58974 0.00000 2.33209
620.68966 1846.15385 0.00000 1.96601
620.68966 1948.71795 0.00000 1.43652
620.68966 2051.28205 0.00000 1.44355
620.68966 2153.84615 0.00000 1.27613
620.68966 2256.41026 0.00000 1.42521
620.68966 2358.97436 0.00000 1.68005
620.68966 2461.53846 0.00000 1.94579
620.68966 2564.10256 0.00000 1.98456
620.68966 2666.66667 0.00000 1.96788
620.68966 2769.23077 0.00000 1.91847
620.68966 2871.79487 0.00000 1.50639
620.68966 2974.35897 0.00000 1.05270
620.68966 3076.92308 0.00000 0.99224
620.68966 3179.48718 0.00000 0.80017
620.68966 3282.05128 0.00000 0.68975
620.68966 3384.61538 0.00000 0.46356
620.68966 3487.17949 0.00000 0.20268
620.68966 3589.74359 0.00000 0.22858
620.68966 3692.30769 0.00000 0.28271
620.68966 3794.87179 0.00000 0.22124
620.68966 3897.43590 0.00000 0.08715
620.68966 4000.00000 0.00000 0.35734
724.13793 0.00000 0.00000 0.19973
724.13793 102.56410 0.00000 0.39822
724.13793 205.12821 0.00000 0.27856
724.13793 307.69231 0.00000 0.22342
724.13793 410.25641 0.00000 0.36286
724.13793 512.82051 0.00000 0.62599
724.13793 615.38462 0.00000 0.41059
724.13793 717.94872 0.00000 0.79640
724.13793 820.51282 0.00000 1.16409
724.13793 923.07692 0.00000 1.51883
724.13793 1025.64103 0.00000 1.99114
724.13793 1128.20513 0.00000 2.71821
724.13793 1230.76923 0.00000 3.09402
724.13793 1333.33333 0.00000 3.38226
724.13793 1435.89744 0.00000 3.78539
724.13793 1538.46154 0.00000 3.66486
724.13793 1641.02564 0.00000 3.24087
724.13793 1743.58974 0.00000 2.79037
724.13793 1846.15385 0.00000 2.13928
724.13793 1948.71795 0.00000 1.69915
724.13793 2051.28205 0.00000 1.73264
724.13793 2153.84615 0.00000 1.62576
724.13793 2256.41026 0.00000 1.70662
724.13793 2358.97436 0.00000 2.10519
724.13793 2461.53846 0.00000 2.42357
724.13793 2564.10256 0.00000 2.72671
724.13793 2666.66667 0.00000 2.66220
724.13793 2769.23077 0.00000 2.24178
724.13793 2871.79487 0.00000 1.74560
724.13793 2974.35897 0.00000 1.41894
724.13793 3076.92308 0.00000 1.15006
724.13793 3179.48718 0.00000 0.83633
724.13793 3282.05128 0.00000 0.48508
724.13793 3384.61538 0.00000 0.66680
724.13793 3487.17949 0.00000 0.62712
724.13793 3589.74359 0.00000 0.30577
724.13793 3692.30769 0.00000 0.37133
724.13793 3794.87179 0.00000 0.36283
724.13793 3897.43590 0.00000 0.32168
724.13793 4000.00000 0.00000 -0.00047
827.58621 0.00000 0.00000 0.18423
827.58621 102.56410 0.00000 0.25827
827.58621 205.12821 0.00000 0.21596
827.58621 307.69231 0.00000 0.11310
827.58621 410.25641 0.00000 0.41151
827.58621 512.82051 0.00000 0.49919
827.58621 615.38462 0.00000 0.61038
827.58621 717.94872 0.00000 0.86251
827.58621 820.51282 0.00000 1.04029
827.58621 923.07692 0.00000 1.32572
827.58621 1025.64103 0.00000 1.79420
827.58621 1128.20513 0.00000 2.49753
827.58621 1230.76923 0.00000 3.00374
827.58621 1333.33333 0.00000 3.20455
827.58621 1435.89744 0.00000 3.71283
827.58621 1538.46154 0.00000 3.78713
827.58621 1641.02564 0.00000 3.35411
827.58621 1743.58974 0.00000 2.67113
827.58621 1846.15385 0.00000 2.24717
827.58621 1948.71795 0.00000 1.76271
827.58621 2051.28205 0.00000 1.65009
827.58621 2153.84615 0.00000 1.63022
827.58621 2256.41026 0.00000 1.89746
827.58621 2358.97436 0.00000 2.44755
827.58621 2461.53846 0.00000 2.92653
827.58621 2564.10256 0.00000 3.06271
827.58621 2666.66667 0.00000 2.88177
827.58621 2769.23077 0.00000 2.51964
827.58621 2871.79487 0.00000 2.06853
827.58621 2974.35897 0.00000 1.38170
827.58621 3076.92308 0.00000 1.10673
827.58621 3179.48718 0.00000 0.80207
827.58621 3282.05128 0.00000 0.80902
827.58621 3384.61538 0.00000 0.40601
827.58621 3487.17949 0.00000 0.45340
827.58621 3589.74359 0.00000 0.50667
827.58621 3692.30769 0.00000 0.37337
827.58621 3794.87179 0.00000 0.31279
827.58621 3897.43590 0.00000 0.21837
827.58621 4000.00000 0.00000 0.15332
931.03448 0.00000 0.00000 0.12685
931.03448 102.56410 0.00000 0.31584
931.03448 205.12821 0.00000 0.35159
931.03448 307.69231 0.00000 0.27106
931.03448 410.25641 0.00000 0.38667
931.03448 512.82051 0.00000 0.37215
931.03448 615.38462 0.00000 0.71251
931.03448 717.94872 0.00000 0.84774
931.03448 820.51282 0.00000 1.12051
931.03448 923.07692 0.00000 1.25231
931.03448 1025.64103 0.00000 1.54484
931.03448 1128.20513 0.00000 2.06826
931.03448 1230.76923 0.00000 2.62954
931.03448 1333.33333 0.00000 3.16189
931.03448 1435.89744 0.00000 3.57894
931.03448 1538.46154 0.00000 3.77560
931.03448 1641.02564 0.00000 3.39653
931.03448 1743.58974 0.00000 2.67173
931.03448 1846.15385 0.00000 2.43766
931.03448 1948.71795 0.00000 2.07729
931.03448 2051.28205 0.00000 1.83117
931.03448 2153.84615 0.00000 1.78567
931.03448 2256.41026 0.00000 1.98269
931.03448 2358.97436 0.00000 2.54708
931.03448 2461.53846 0.00000 2.87283
931.03448 2564.10256 0.00000 3.13114
931.03448 2666.66667 0.00000 3.26963
931.03448 2769.23077 0.00000 2.74990
931.03448 2871.79487 0.00000 2.19246
931.03448 2974.35897 0.00000 1.70148
931.03448 3076.92308 0.00000 1.25711
931.03448 3179.48718 0.00000 0.92487
931.03448 3282.05128 0.00000 1.07863
931.03448 3384.61538 0.00000 0.75474
931.03448 3487.17949 0.00000 0.57623
931.03448 3589.74359 0.00000 0.45387
931.03448 3692.30769 0.00000 0.31685
931.03448 3794.87179 0.00000 0.46088
931.03448 3897.43590 0.00000 0.19163
931.03448 4000.00000 0.00000 0.09836
1034.48276 0.00000 0.00000 0.15833
1034.48276 102.56410 0.00000 0.12969
1034.48276 205.12821 0.00000 0.17637
1034.48276 307.69231 0.00000 0.23938
1034.48276 410.25641 0.00000 0.53530
1034.48276 512.82051 0.00000 0.42653
1034.48276 615.38462 0.00000 0.62285
1034.48276 717.94872 0.00000 0.71386
1034.48276 820.51282 0.00000 0.84308
1034.48276 923.07692 0.00000 1.09680
1034.48276 1025.64103 0.00000 1.62997
1034.48276 1128.20513 0.00000 1.84832
1034.48276 1230.76923 0.00000 2.61184
1034.48276 1333.33333 0.00000 2.96715
1034.48276 1435.89744 0.00000 3.54940
1034.48276 1538.46154 0.00000 3.79161
1034.48276 1641.02564 0.00000 3.47502
1034.48276 1743.58974 0.00000 3.01231
1034.48276 1846.15385 0.00000 2.26402
1034.48276 1948.71795 0.00000 2.04260
1034.48276 2051.28205 0.00000 1.85037
1034.48276 2153.84615 0.00000 1.98077
1034.48276 2256.41026 0.00000 1.97768
1034.48276 2358.97436 0.00000 2.46715
1034.48276 2461.53846 0.00000 2.93055
1034.48276 2564.10256 0.00000 3.19101
1034.48276 2666.66667 0.00000 2.93919
1034.48276 2769.23077 0.00000 2.70290
1034.48276 2871.79487 0.00000 2.03764
1034.48276 2974.35897 0.00000 1.88173
1034.48276 3076.92308 0.00000 1.27121
1034.48276 3179.48718 0.00000 0.98329
1034.48276 3282.05128 0.00000 0.71389
1034.48276 3384.61538 0.00000 0.78934
1034.48276 3487.17949 0.00000 0.54226
1034.48276 3589.74359 0.00000 0.40360
1034.48276 3692.30769 0.00000 0.40675
1034.48276 3794.87179 0.00000 0.30358
1034.48276 3897.43590 0.00000 0.33333
1034.48276 4000.00000 0.00000 0.27235
1137.93103 0.00000 0.00000 0.13871
1137.93103 102.56410 0.00000 0.32547
1137.93103 205.12821 0.00000 0.14897
1137.93103 307.69231 0.00000 0.41342
1137.93103 410.25641 0.00000 0.50389
1137.93103 512.82051 0.00000 0.34909
1137.93103 615.38462 0.00000 0.53350
1137.93103 717.94872 0.00000 0.83910
1137.93103 820.51282 0.00000 1.07716
1137.93103 923.07692 0.00000 1.01770
1137.93103 1025.64103 0.00000 1.33510
1137.93103 1128.20513 0.00000 1.73890
1137.93103 1230.76923 0.00000 2.31669
1137.93103 1333.33333 0.00000 2.61615
1137.93103 1435.89744 0.00000 3.41268
1137.93103 1538.46154 0.00000 3.65597
1137.93103 1641.02564 0.00000 3.33431
1137.93103 1743.58974 0.00000 3.12059
1137.93103 1846.15385 0.00000 2.43249
1137.93103 1948.71795 0.00000 1.94815
1137.93103 2051.28205 0.00000 1.81542
1137.93103 2153.84615 0.00000 1.84961
1137.93103 2256.41026 0.00000 1.75926
1137.93103 2358.97436 0.00000 2.03289
1137.93103 2461.53846 0.00000 2.52333
1137.93103 2564.10256 0.00000 2.66675
1137.93103 2666.66667 0.00000 2.59128
1137.93103 2769.23077 0.00000 2.36082
1137.93103 2871.79487 0.00000 1.96827
1137.93103 2974.35897 0.00000 1.70216
1137.93103 3076.92308 0.00000 1.49465
1137.93103 3179.48718 0.00000 1.15828
1137.93103 3282.05128 0.00000 0.95512
1137.93103 3384.61538 0.00000 0.72039
1137.93103 3487.17949 0.00000 0.62959
1137.93103 3589.74359 0.00000 0.39746
1137.93103 3692.30769 0.00000 0.41517
1137.93103 3794.87179 0.00000 0.44912
1137.93103 3897.43590 0.00000 0.31930
1137.93103 4000.00000 0.00000 0.25568
1241.37931 0.00000 0.00000 0.19901
1241.37931 102.56410 0.00000 0.23774
1241.37931 205.12821 0.00000 0.32412
1241.37931 307.69231 0.00000 0.40424
1241.37931 410.25641 0.00000 0.35903
1241.37931 512.82051 0.00000 0.51611
1241.37931 615.38462 0.00000 0.66527
1241.37931 717.94872 0.00000 0.69786
1241.37931 820.51282 0.00000 0.86331
1241.37931 923.07692 0.00000 1.13688
1241.37931 1025.64103 0.00000 1.19014
1241.37931 1128.20513 0.00000 1.73453
1241.37931 1230.76923 0.00000 1.92008
1241.37931 1333.33333 0.00000 2.68061
1241.37931 1435.89744 0.00000 3.27130
1241.37931 1538.46154 0.00000 3.44418
1241.37931 1641.02564 0.00000 3.35556
1241.37931 1743.58974 0.00000 2.96864
1241.37931 1846.15385 0.00000 2.18992
1241.37931 1948.71795 0.00000 2.08688
1241.37931 2051.28205 0.00000 1.80956
1241.37931 2153.84615 0.00000 1.71645
1241.37931 2256.41026 0.00000 1.78220
1241.37931 2358.97436 0.00000 1.98796
1241.37931 2461.53846 0.00000 2.06542
1241.37931 2564.10256 0.00000 2.33942
1241.37931 2666.66667 0.00000 2.20902
1241.37931 2769.23077 0.00000 2.14265
1241.37931 2871.79487 0.00000 1.99671
1241.37931 2974.35897 0.00000 1.65561
1241.37931 3076.92308 0.00000 1.41601
1241.37931 3179.48718 0.00000 1.31416
1241.37931 3282.05128 0.00000 1.09899
1241.37931 3384.61538 0.00000 0.93121
1241.37931 3487.17949 0.00000 0.70929
1241.37931 3589.74359 0.00000 0.41338
1241.37931 3692.30769 0.00000 0.29629
1241.37931 3794.87179 0.00000 0.12381
1241.37931 3897.43590 0.00000 0.44565
1241.37931 4000.00000 0.00000 0.42290
1344.82759 0.00000 0.00000 0.20926
1344.82759 102.56410 0.00000 0.15820
1344.82759 205.12821 0.00000 0.20986
1344.82759 307.69231 0.00000 0.32523
1344.82759 410.25641 0.00000 0.54765
1344.82759 512.82051 0.00000 0.54377
1344.82759 615.38462 0.00000 0.58778
1344.82759 717.94872 0.00000 0.79492
1344.82759 820.51282 0.00000 0.95903
1344.82759 923.07692 0.00000 0.90348
1344.82759 1025.64103 0.00000 1.33281
1344.82759 1128.20513 0.00000 1.50605
1344.82759 1230.76923 0.00000 2.01243
1344.82759 1333.33333 0.00000 2.47063
1344.82759 1435.89744 0.00000 2.94830
1344.82759 1538.46154 0.00000 3.32149
1344.82759 1641.02564 0.00000 3.18194
1344.82759 1743.58974 0.00000 2.87889
1344.82759 1846.15385 0.00000 2.32014
1344.82759 1948.71795 0.00000 1.87487
1344.82759 2051.28205 0.00000 1.57283
1344.82759 2153.84615 0.00000 1.65503
1344.82759 2256.41026 0.00000 1.59118
1344.82759 2358.97436 0.00000 1.80074
1344.82759 2461.53846 0.00000 1.83657
1344.82759 2564.10256 0.00000 1.87121
1344.82759 2666.66667 0.00000 2.15187
1344.82759 2769.23077 0.00000 1.97617
1344.82759 2871.79487 0.00000 1.98264
1344.82759 2974.35897 0.00000 1.62813
1344.82759 3076.92308 0.00000 1.71348
1344.82759 3179.48718 0.00000 1.41001
1344.82759 3282.05128 0.00000 1.21002
1344.82759 3384.61538 0.00000 1.13881
1344.82759 3487.17949 0.00000 0.77046
1344.82759 3589.74359 0.00000 0.65268
1344.82759 3692.30769 0.00000 0.62911
1344.82759 3794.87179 0.00000 0.55394
1344.82759 3897.43590 0.00000 0.47650
1344.82759 4000.00000 0.00000 0.21831
1448.27586 0.00000 0.00000 0.30067
1448.27586 102.56410 0.00000 0.30002
1448.27586 205.12821 0.00000 0.30233
1448.27586 307.69231 0.00000 0.39556
1448.27586 410.25641 0.00000 0.42163
1448.27586 512.82051 0.00000 0.57894
1448.27586 615.38462 0.00000 0.50358
1448.27586 717.94872 0.00000 0.69568
1448.27586 820.51282 0.00000 1.05147
1448.27586 923.07692 0.00000 1.19652
1448.27586 1025.64103 0.00000 1.34412
1448.27586 1128.20513 0.00000 1.61462
1448.27586 1230.76923 0.00000 1.93743
1448.27586 1333.33333 0.00000 2.48402
1448.27586 1435.89744 0.00000 3.02119
1448.27586 1538.46154 0.00000 3.11814
1448.27586 1641.02564 0.00000 2.95624
1448.27586 1743.58974 0.00000 2.74927
1448.27586 1846.15385 0.00000 2.02997
1448.27586 1948.71795 0.00000 1.93224
1448.27586 2051.28205 0.00000 1.69493
1448.27586 2153.84615 0.00000 1.61787
1448.27586 2256.41026 0.00000 1.50029
1448.27586 2358.97436 0.00000 1.53612
1448.27586 2461.53846 0.00000 1.84943
1448.27586 2564.10256 0.00000 1.83219
1448.27586 2666.66667 0.00000 2.02583
1448.27586 2769.23077 0.00000 2.14112
1448.27586 2871.79487 0.00000 2.28182
1448.27586 2974.35897 0.00000 1.99973
1448.27586 3076.92308 0.00000 1.89201
1448.27586 3179.48718 0.00000 1.59330
1448.27586 3282.05128 0.00000 1.52073
1448.27586 3384.61538 0.00000 1.17629
1448.27586 3487.17949 0.00000 0.66850
1448.27586 3589.74359 0.00000 0.60071
1448.27586 3692.30769 0.00000 0.41948
1448.27586 3794.87179 0.00000 0.22906
1448.27586 3897.43590 0.00000 0.47617
1448.27586 4000.00000 0.00000 0.29077
1551.72414 0.00000 0.00000 0.27689
1551.72414 102.56410 0.00000 0.30875
1551.72414 205.12821 0.00000 0.19500
1551.72414 307.69231 0.00000 0.34707
1551.72414 410.25641 0.00000 0.64494
1551.72414 512.82051 0.00000 0.62661
1551.72414 615.38462 0.00000 0.62760
1551.72414 717.94872 0.00000 0.83534
1551.72414 820.51282 0.00000 1.06149
1551.72414 923.07692 0.00000 1.15541
1551.72414 1025.64103 0.00000 1.27194
1551.72414 1128.20513 0.00000 1.70713
1551.72414 1230.76923 0.00000 1.92954
1551.72414 1333.33333 0.00000 2.56896
1551.72414 1435.89744 0.00000 2.52879
1551.72414 1538.46154 0.00000 2.92901
1551.72414 1641.02564 0.00000 2.65768
1551.72414 1743.58974 0.00000 2.36715
1551.72414 1846.15385 0.00000 2.11997
1551.72414 1948.71795 0.00000 1.84409
1551.72414 2051.28205 0.00000 1.58512
1551.72414 2153.84615 0.00000 1.64640
1551.72414 2256.41026 0.00000 1.42795
1551.72414 2358.97436 0.00000 1.62177
1551.72414 2461.53846 0.00000 1.61352
1551.72414 2564.10256 0.00000 1.88581
1551.72414 2666.66667 0.00000 2.18552
1551.72414 2769.23077 0.00000 2.53774
1551.72414 2871.79487 0.00000 2.36695
1551.72414 2974.35897 0.00000 2.60394
1551.72414 3076.92308 0.00000 2.15175
1551.72414 3179.48718 0.00000 1.72739
1551.72414 3282.05128 0.00000 1.53053
1551.72414 3384.61538 0.00000 1.29222
1551.72414 3487.17949 0.00000 0.97804
1551.72414 3589.74359 0.00000 0.88787
1551.72414 3692.30769 0.00000 0.40388
1551.72414 3794.87179 0.00000 0.47540
1551.72414 3897.43590 0.00000 0.34220
1551.72414 4000.00000 0.00000 0.16958
1655.17241 0.00000 0.00000 0.28242
1655.17241 102.56410 0.00000 0.18941
1655.17241 205.12821 0.00000 0.51591
1655.17241 307.69231 0.00000 0.48470
1655.17241 410.25641 0.00000 0.59927
1655.17241 512.82051 0.00000 0.61851
1655.17241 615.38462 0.00000 0.70171
1655.17241 717.94872 0.00000 0.90079
1655.17241 820.51282 0.00000 0.90495
1655.17241 923.07692 0.00000 1.22010
1655.17241 1025.64103 0.00000 1.41909
1655.17241 1128.20513 0.00000 1.61194
1655.17241 1230.76923 0.00000 2.05180
1655.17241 1333.33333 0.00000 2.28490
1655.17241 1435.89744 0.00000 2.55291
1655.17241 1538.46154 0.00000 2.67942
1655.17241 1641.02564 0.00000 2.60689
1655.17241 1743.58974 0.00000 2.38078
1655.17241 1846.15385 0.00000 2.12336
1655.17241 1948.71795 0.00000 1.82243
1655.17241 2051.28205 0.00000 1.54194
1655.17241 2153.84615 0.00000 1.51871
1655.17241 2256.41026 0.00000 1.73186
1655.17241 2358.97436 0.00000 1.49392
1655.17241 2461.53846 0.00000 1.66491
1655.17241 2564.10256 0.00000 2.01289
1655.17241 2666.66667 0.00000 2.22603
1655.17241 2769.23077 0.00000 2.50611
1655.17241 2871.79487 0.00000 2.83148
1655.17241 2974.35897 0.00000 2.71719
1655.17241 3076.92308 0.00000 2.48252
1655.17241 3179.48718 0.00000 2.11728
1655.17241 3282.05128 0.00000 1.56863
1655.17241 3384.61538 0.00000 1.22722
1655.17241 3487.17949 0.00000 0.94944
1655.17241 3589.74359 0.00000 0.95875
1655.17241 3692.30769 0.00000 0.51632
1655.17241 3794.87179 0.00000 0.56671
1655.17241 3897.43590 0.00000 0.44835
1655.17241 4000.00000 0.00000 0.30300
1758.62069 0.00000 0.00000 0.39676
1758.62069 102.56410 0.00000 0.19437
1758.62069 205.12821 0.00000 0.35256
1758.62069 307.69231 0.00000 0.23501
1758.62069 410.25641 0.00000 0.47725
1758.62069 512.82051 0.00000 0.77769
1758.62069 615.38462 0.00000 0.97590
1758.62069 717.94872 0.00000 0.98849
1758.62069 820.51282 0.00000 1.19912
1758.62069 923.07692 0.00000 1.29357
1758.62069 1025.64103 0.00000 1.75699
1758.62069 1128.20513 0.00000 1.82448
1758.62069 1230.76923 0.00000 2.12695
1758.62069 1333.33333 0.00000 2.36506
1758.62069 1435.89744 0.00000 2.59665
1758.62069 1538.46154 0.00000 2.52693
1758.62069 1641.02564 0.00000 2.49527
1758.62069 1743.58974 0.00000 2.49327
1758.62069 1846.15385 0.00000 2.21088
1758.62069 1948.71795 0.00000 2.00783
1758.62069 2051.28205 0.00000 1.69310
1758.62069 2153.84615 0.00000 1.57585
1758.62069 2256.41026 0.00000 1.53933
1758.62069 2358.97436 0.00000 1.41485
1758.62069 2461.53846 0.00000 1.61866
1758.62069 2564.10256 0.00000 1.94387
1758.62069 2666.66667 0.00000 2.29943
1758.62069 2769.23077 0.00000 2.55901
1758.62069 2871.79487 0.00000 2.64927
1758.62069 2974.35897 0.00000 2.67269
1758.62069 3076.92308 0.00000 2.59601
1758.62069 3179.48718 0.00000 2.17679
1758.62069 3282.05128 0.00000 1.80072
1758.62069 3384.61538 0.00000 1.24701
1758.62069 3487.17949 0.00000 0.99503
1758.62069 3589.74359 0.00000 0.57283
1758.62069 3692.30769 0.00000 0.71991
1758.62069 3794.87179 0.00000 0.38543
1758.62069 3897.43590 0.00000 0.47480
1758.62069 4000.00000 0.00000 0.32335
1862.06897 0.00000 0.00000 0.30917
1862.06897 102.56410 0.00000 0.29069
1862.06897 205.12821 0.00000 0.27700
1862.06897 307.69231 0.00000 0.32216
1862.06897 410.25641 0.00000 0.68781
1862.06897 512.82051 0.00000 0.92814
1862.06897 615.38462 0.00000 0.81992
1862.06897 717.94872 0.00000 1.17945
1862.06897 820.51282 0.00000 1.59974
1862.06897 923.07692 0.00000 1.78326
1862.06897 1025.64103 0.00000 1.91592
1862.06897 1128.20513 0.00000 2.29762
1862.06897 1230.76923 0.00000 2.35183
1862.06897 1333.33333 0.00000 2.57346
1862.06897 1435.89744 0.00000 2.90695
1862.06897 1538.46154 0.00000 2.96784
1862.06897 1641.02564 0.00000 2.86830
1862.06897 1743.58974 0.00000 2.44620
1862.06897 1846.15385 0.00000 2.22607
1862.06897 1948.71795 0.00000 2.11620
1862.06897 2051.28205 0.00000 2.14254
1862.06897 2153.84615 0.00000 1.85254
1862.06897 2256.41026 0.00000 1.68732
1862.06897 2358.97436 0.00000 1.57077
1862.06897 2461.53846 0.00000 1.74738
1862.06897 2564.10256 0.00000 1.92483
1862.06897 2666.66667 0.00000 2.08922
1862.06897 2769.23077 0.00000 2.52997
1862.06897 2871.79487 0.00000 2.61996
1862.06897 2974.35897 0.00000 2.81496
1862.06897 3076.92308 0.00000 2.36895
1862.06897 3179.48718 0.00000 2.01375
1862.06897 3282.05128 0.00000 1.64614
1862.06897 3384.61538 0.00000 1.40554
1862.06897 3487.17949 0.00000 1.00740
1862.06897 3589.74359 0.00000 0.73953
1862.06897 3692.30769 0.00000 0.63380
1862.06897 3794.87179 0.00000 0.32903
1862.06897 3897.43590 0.00000 0.22659
1862.06897 4000.00000 0.00000 0.19211
1965.51724 0.00000 0.00000 0.47838
1965.51724 102.56410 0.00000 0.36386
1965.51724 205.12821 0.00000 0.37922
1965.51724 307.69231 0.00000 0.68536
1965.51724 410.25641 0.00000 0.57884
1965.51724 512.82051 0.00000 0.71608
1965.51724 615.38462 0.00000 1.04467
1965.51724 717.94872 0.00000 1.29132
1965.51724 820.51282 0.00000 1.56886
1965.51724 923.07692 0.00000 2.18231
1965.51724 1025.64103 0.00000 2.38301
1965.51724 1128.20513 0.00000 2.79912
1965.51724 1230.76923 0.00000 3.01622
1965.51724 1333.33333 0.00000 3.34898
1965.51724 1435.89744 0.00000 3.29337
1965.51724 1538.46154 0.00000 3.22145
1965.51724 1641.02564 0.00000 3.12173
1965.51724 1743.58974 0.00000 2.98522
1965.51724 1846.15385 0.00000 2.91617
1965.51724 1948.71795 0.00000 2.52558
1965.51724 2051.28205 0.00000 2.09022
1965.51724 2153.84615 0.00000 1.95327
1965.51724 2256.41026 0.00000 1.65833
1965.51724 2358.97436 0.00000 1.70592
1965.51724 2461.53846 0.00000 1.85439
1965.51724 2564.10256 0.00000 1.93876
1965.51724 2666.66667 0.00000 2.12346
1965.51724 2769.23077 0.00000 2.19900
1965.51724 2871.79487 0.00000 2.42748
1965.51724 2974.35897 0.00000 2.37921
1965.51724 3076.92308 0.00000 2.08272
1965.51724 3179.48718 0.00000 1.94736
1965.51724 3282.05128 0.00000 1.46023
1965.51724 3384.61538 0.00000 1.30164
1965.51724 3487.17949 0.00000 0.85274
1965.51724 3589.74359 0.00000 0.82132
1965.51724 3692.30769 0.00000 0.69097
1965.51724 3794.87179 0.00000 0.40691
1965.51724 3897.43590 0.00000 0.47247
1965.51724 4000.00000 0.00000 0.43200
2068.96552 0.00000 0.00000 0.34658
2068.96552 102.56410 0.00000 0.28511
2068.96552 205.12821 0.00000 0.50568
2068.96552 307.69231 0.00000 0.58814
2068.96552 410.25641 0.00000 0.64772
2068.96552 512.82051 0.00000 0.85003
2068.96552 615.38462 0.00000 1.00250
2068.96552 717.94872 0.00000 1.54689
2068.96552 820.51282 0.00000 2.05573
2068.96552 923.07692 0.00000 2.60515
2068.96552 1025.64103 0.00000 3.10298
2068.96552 1128.20513 0.00000 3.62605
2068.96552 1230.76923 0.00000 3.65418
2068.96552 1333.33333 0.00000 3.82299
2068.96552 1435.89744 0.00000 4.15218
2068.96552 1538.46154 0.00000 4.17669
2068.96552 1641.02564 0.00000 3.97252
2068.96552 1743.58974 0.00000 3.75199
2068.96552 1846.15385 0.00000 3.48544
2068.96552 1948.71795 0.00000 3.01733
2068.96552 2051.28205 0.00000 2.43006
2068.96552 2153.84615 0.00000 1.98374
2068.96552 2256.41026 0.00000 1.74384
2068.96552 2358.97436 0.00000 1.76468
2068.96552 2461.53846 0.00000 1.41570
2068.96552 2564.10256 0.00000 1.60946
2068.96552 2666.66667 0.00000 1.92504
2068.96552 2769.23077 0.00000 2.11754
2068.96552 2871.79487 0.00000 1.97722
2068.96552 2974.35897 0.00000 2.02598
2068.96552 3076.92308 0.00000 2.01856
2068.96552 3179.48718 0.00000 1.70374
2068.96552 3282.05128 0.00000 1.30063
2068.96552 3384.61538 0.00000 1.09047
2068.96552 3487.17949 0.00000 1.07442
2068.96552 3589.74359 0.00000 0.49588
2068.96552 3692.30769 0.00000 0.66783
2068.96552 3794.87179 0.00000 0.29764
2068.96552 3897.43590 0.00000 0.22340
2068.96552 4000.00000 0.00000 0.21547
2172.41379 0.00000 0.00000 0.39280
2172.41379 102.56410 0.00000 0.35111
2172.41379 205.12821 0.00000 0.39914
2172.41379 307.69231 0.00000 0.48981
2172.41379 410.25641 0.00000 0.82227
2172.41379 512.82051 0.00000 1.20870
2172.41379 615.38462 0.00000 1.19707
2172.41379 717.94872 0.00000 1.65235
2172.41379 820.51282 0.00000 2.35705
2172.41379 923.07692 0.00000 2.93323
2172.41379 1025.64103 0.00000 3.64879
2172.41379 1128.20513 0.00000 4.03352
2172.41379 1230.76923 0.00000 4.45026
2172.41379 1333.33333 0.00000 4.67337
2172.41379 1435.89744 0.00000 4.59006
2172.41379 1538.46154 0.00000 4.78361
2172.41379 1641.02564 0.00000 4.40602
2172.41379 1743.58974 0.00000 4.32455
2172.41379 1846.15385 0.00000 3.87654
2172.41379 1948.71795 0.00000 3.29041
2172.41379 2051.28205 0.00000 2.70615
2172.41379 2153.84615 0.00000 2.24120
2172.41379 2256.41026 0.00000 1.73380
2172.41379 2358.97436 0.00000 1.47175
2172.41379 2461.53846 0.00000 1.47276
2172.41379 2564.10256 0.00000 1.66678
2172.41379 2666.66667 0.00000 1.66074
2172.41379 2769.23077 0.00000 1.49611
2172.41379 2871.79487 0.00000 1.68391
2172.41379 2974.35897 0.00000 1.73717
2172.41379 3076.92308 0.00000 1.68289
2172.41379 3179.48718 0.00000 1.36742
2172.41379 3282.05128 0.00000 1.00967
2172.41379 3384.61538 0.00000 0.99958
2172.41379 3487.17949 0.00000 0.77831
2172.41379 3589.74359 0.00000 0.71278
2172.41379 3692.30769 0.00000 0.54552
2172.41379 3794.87179 0.00000 0.23382
2172.41379 3897.43590 0.00000 0.55500
2172.41379 4000.00000 0.00000 0.13719
2275.86207 0.00000 0.00000 0.33662
2275.86207 102.56410 0.00000 0.49523
2275.86207 205.12821 0.00000 0.57994
2275.86207 307.69231 0.00000 0.57579
2275.86207 410.25641 0.00000 0.69933
2275.86207 512.82051 0.00000 0.91658
2275.86207 615.38462 0.00000 1.17052
2275.86207 717.94872 0.00000 1.74000
2275.86207 820.51282 0.00000 2.31831
2275.86207 923.07692 0.00000 3.20796
2275.86207 1025.64103 0.00000 3.80754
2275.86207 1128.20513 0.00000 4.31682
2275.86207 1230.76923 0.00000 4.76800
2275.86207 1333.33333 0.00000 5.00312
2275.86207 1435.89744 0.00000 4.99504
2275.86207 1538.46154 0.00000 5.04218
2275.86207 1641.02564 0.00000 5.00729
2275.86207 1743.58974 0.00000 4.65966
2275.86207 1846.15385 0.00000 4.18305
2275.86207 1948.71795 0.00000 3.37410
2275.86207 2051.28205 0.00000 3.04029
2275.86207 2153.84615 0.00000 2.19240
2275.86207 2256.41026 0.00000 1.73983
2275.86207 2358.97436 0.00000 1.73415
2275.86207 2461.53846 0.00000 1.48568
2275.86207 2564.10256 0.00000 1.37412
2275.86207 2666.66667 0.00000 1.16948
2275.86207 2769.23077 0.00000 1.39889
2275.86207 2871.79487 0.00000 1.27535
2275.86207 2974.35897 0.00000 1.22352
2275.86207 3076.92308 0.00000 1.23013
2275.86207 3179.48718 0.00000 1.15633
2275.86207 3282.05128 0.00000 1.07941
2275.86207 3384.61538 0.00000 0.87092
2275.86207 3487.17949 0.00000 0.72962
2275.86207 3589.74359 0.00000 0.45278
2275.86207 3692.30769 0.00000 0.39239
2275.86207 3794.87179 0.00000 0.29567
2275.86207 3897.43590 0.00000 0.07181
2275.86207 4000.00000 0.00000 0.24914
2379.31034 0.00000 0.00000 0.37577
2379.31034 102.56410 0.00000 0.43954
2379.31034 205.12821 0.00000 0.36001
2379.31034 307.69231 0.00000 0.63528
2379.31034 410.25641 0.00000 0.68786
2379.31034 512.82051 0.00000 0.76561
2379.31034 615.38462 0.00000 1.01098
2379.31034 717.94872 0.00000 1.67492
2379.31034 820.51282 0.00000 2.24182
2379.31034 923.07692 0.00000 3.12324
2379.31034 1025.64103 0.00000 3.80480
2379.31034 1128.20513 0.00000 4.31334
2379.31034 1230.76923 0.00000 4.58493
2379.31034 1333.33333 0.00000 4.71162
2379.31034 1435.89744 0.00000 4.81493
2379.31034 1538.46154 0.00000 4.63847
2379.31034 1641.02564 0.00000 4.63098
2379.31034 1743.58974 0.00000 4.42884
2379.31034 1846.15385 0.00000 3.93406
2379.31034 1948.71795 0.00000 3.36319
2379.31034 2051.28205 0.00000 2.62947
2379.31034 2153.84615 0.00000 2.13351
2379.31034 2256.41026 0.00000 1.84854
2379.31034 2358.97436 0.00000 1.25263
2379.31034 2461.53846 0.00000 1.18291
2379.31034 2564.10256 0.00000 1.20138
2379.31034 2666.66667 0.00000 1.24721
2379.31034 2769.23077 0.00000 0.73889
2379.31034 2871.79487 0.00000 1.15162
2379.31034 2974.35897 0.00000 1.15339
2379.31034 3076.92308 0.00000 1.00167
2379.31034 3179.48718 0.00000 0.80013
2379.31034 3282.05128 0.00000 0.74452
2379.31034 3384.61538 0.00000 0.64614
2379.31034 3487.17949 0.00000 0.58813
2379.31034 3589.74359 0.00000 0.66773
2379.31034 3692.30769 0.00000 0.38132
2379.31034 3794.87179 0.00000 0.15500
2379.31034 3897.43590 0.00000 0.12737
2379.31034 4000.00000 0.00000 0.24798
2482.75862 0.00000 0.00000 0.16829
2482.75862 102.56410 0.00000 0.33803
2482.75862 205.12821 0.00000 0.36238
2482.75862 307.69231 0.00000 0.44903
2482.75862 410.25641 0.00000 0.51334
2482.75862 512.82051 0.00000 0.89995
2482.75862 615.38462 0.00000 1.19317
2482.75862 717.94872 0.00000 1.51967
2482.75862 820.51282 0.00000 2.02119
2482.75862 923.07692 0.00000 2.72888
2482.75862 1025.64103 0.00000 3.11208
2482.75862 1128.20513 0.00000 3.52195
2482.75862 1230.76923 0.00000 3.96565
2482.75862 1333.33333 0.00000 4.09223
2482.75862 1435.89744 0.00000 4.11390
2482.75862 1538.46154 0.00000 3.95935
2482.75862 1641.02564 0.00000 3.99742
2482.75862 1743.58974 0.00000 3.89222
2482.75862 1846.15385 0.00000 3.37138
2482.75862 1948.71795 0.00000 3.02458
2482.75862 2051.28205 0.00000 2.16719
2482.75862 2153.84615 0.00000 1.82689
2482.75862 2256.41026 0.00000 1.55746
2482.75862 2358.97436 0.00000 1.23253
2482.75862 2461.53846 0.00000 1.15412
2482.75862 2564.10256 0.00000 1.08510
2482.75862 2666.66667 0.00000 0.97602
2482.75862 2769.23077 0.00000 1.05097
2482.75862 2871.79487 0.00000 0.89432
2482.75862 2974.35897 0.00000 0.77909
2482.75862 3076.92308 0.00000 0.69921
2482.75862 3179.48718 0.00000 0.57599
2482.75862 3282.05128 0.00000 0.80192
2482.75862 3384.61538 0.00000 0.49691
2482.75862 3487.17949 0.00000 0.56529
2482.75862 3589.74359 0.00000 0.48289
2482.75862 3692.30769 0.00000 0.34967
2482.75862 3794.87179 0.00000 0.19801
2482.75862 3897.43590 0.00000 0.16794
2482.75862 4000.00000 0.00000 0.20882
2586.20690 0.00000 0.00000 0.39149
2586.20690 102.56410 0.00000 0.22868
2586.20690 205.12821 0.00000 0.28028
2586.20690 307.69231 0.00000 0.38615
2586.20690 410.25641 0.00000 0.66786
2586.20690 512.82051 0.00000 0.82333
2586.20690 615.38462 0.00000 0.83145
2586.20690 717.94872 0.00000 1.19303
2586.20690 820.51282 0.00000 1.72064
2586.20690 923.07692 0.00000 1.95232
2586.20690 1025.64103 0.00000 2.44304
2586.20690 1128.20513 0.00000 2.90239
2586.20690 1230.76923 0.00000 3.26414
2586.20690 1333.33333 0.00000 3.34265
2586.20690 1435.89744 0.00000 3.35211
2586.20690 1538.46154 0.00000 3.41119
2586.20690 1641.02564 0.00000 3.10193
2586.20690 1743.58974 0.00000 3.11835
2586.20690 1846.15385 0.00000 2.72524
2586.20690 1948.71795 0.00000 2.40320
2586.20690 2051.28205 0.00000 2.11759
2586.20690 2153.84615 0.00000 1.78752
2586.20690 2256.41026 0.00000 1.22442
2586.20690 2358.97436 0.00000 1.08656
2586.20690 2461.53846 0.00000 0.98501
2586.20690 2564.10256 0.00000 0.77460
2586.20690 2666.66667 0.00000 0.84277
2586.20690 2769.23077 0.00000 0.89438
2586.20690 2871.79487 0.00000 0.62194
2586.20690 2974.35897 0.00000 0.70635
2586.20690 3076.92308 0.00000 0.87865
2586.20690 3179.48718 0.00000 0.42399
2586.20690 3282.05128 0.00000 0.49465
2586.20690 3384.61538 0.00000 0.39803
2586.20690 3487.17949 0.00000 0.41994
2586.20690 3589.74359 0.00000 0.18027
2586.20690 3692.30769 0.00000 0.32709
2586.20690 3794.87179 0.00000 0.38403
2586.20690 3897.43590 0.00000 0.19462
2586.20690 4000.00000 0.00000 -0.00302
2689.65517 0.00000 0.00000 0.08829
2689.65517 102.56410 0.00000 0.35023
2689.65517 205.12821 0.00000 0.45253
2689.65517 307.69231 0.00000 0.44352
2689.65517 410.25641 0.00000 0.52032
2689.65517 512.82051 0.00000 0.50454
2689.65517 615.38462 0.00000 0.75443
2689.65517 717.94872 0.00000 1.06757
2689.65517 820.51282 0.00000 1.38499
2689.65517 923.07692 0.00000 1.62075
2689.65517 1025.64103 0.00000 1.90539
2689.65517 1128.20513 0.00000 2.22963
2689.65517 1230.76923 0.00000 2.27415
2689.65517 1333.33333 0.00000 2.50254
2689.65517 1435.89744 0.00000 2.32723
2689.65517 1538.46154 0.00000 2.58775
2689.65517 1641.02564 0.00000 2.51396
2689.65517 1743.58974 0.00000 2.20433
2689.65517 1846.15385 0.00000 2.22734
2689.65517 1948.71795 0.00000 1.81772
2689.65517 2051.28205 0.00000 1.57796
2689.65517 2153.84615 0.00000 1.35710
2689.65517 2256.41026 0.00000 0.92972
2689.65517 2358.97436 0.00000 1.06272
2689.65517 2461.53846 0.00000 0.74793
2689.65517 2564.10256 0.00000 0.55780
2689.65517 2666.66667 0.00000 0.59819
2689.65517 2769.23077 0.00000 0.55087
2689.65517 2871.79487 0.00000 0.43654
2689.65517 2974.35897 0.00000 0.62238
2689.65517 3076.92308 0.00000 0.62687
2689.65517 3179.48718 0.00000 0.38403
2689.65517 3282.05128 0.00000 0.32507
2689.65517 3384.61538 0.00000 0.30310
2689.65517 3487.17949 0.00000 0.18633
2689.65517 3589.74359 0.00000 0.25839
2689.65517 3692.30769 0.00000 0.22173
2689.65517 3794.87179 0.00000 0.22941
2689.65517 3897.43590 0.00000 0.13771
2689.65517 4000.00000 0.00000 0.11876
2793.10345 0.00000 0.00000 0.21155
2793.10345 102.56410 0.00000 0.28553
2793.10345 205.12821 0.00000 0.32761
2793.10345 307.69231 0.00000 0.25695
2793.10345 410.25641 0.00000 0.47978
2793.10345 512.82051 0.00000 0.78484
2793.10345 615.38462 0.00000 0.66599
2793.10345 717.94872 0.00000 0.84526
2793.10345 820.51282 0.00000 0.91558
2793.10345 923.07692 0.00000 1.35037
2793.10345 1025.64103 0.00000 1.54185
2793.10345 1128.20513 0.00000 1.78039
2793.10345 1230.76923 0.00000 1.78463
2793.10345 1333.33333 0.00000 1.85085
2793.10345 1435.89744 0.00000 1.53230
2793.10345 1538.46154 0.00000 1.96479
2793.10345 1641.02564 0.00000 1.76753
2793.10345 1743.58974 0.00000 1.74152
2793.10345 1846.15385 0.00000 1.57058
2793.10345 1948.71795 0.00000 1.29625
2793.10345 2051.28205 0.00000 1.36059
2793.10345 2153.84615 0.00000 1.04673
2793.10345 2256.41026 0.00000 0.88377
2793.10345 2358.97436 0.00000 0.66209
2793.10345 2461.53846 0.00000 0.56086
2793.10345 2564.10256 0.00000 0.53760
2793.10345 2666.66667 0.00000 0.50992
2793.10345 2769.23077 0.00000 0.60374
2793.10345 2871.79487 0.00000 0.44501
2793.10345 2974.35897 0.00000 0.50954
2793.10345 3076.92308 0.00000 0.33376
2793.10345 3179.48718 0.00000 0.30025
2793.10345 3282.05128 0.00000 0.38550
2793.10345 3384.61538 0.00000 0.35267
2793.10345 3487.17949 0.00000 0.45170
2793.10345 3589.74359 0.00000 0.44211
2793.10345 3692.30769 0.00000 0.19234
2793.10345 3794.87179 0.00000 0.12764
2793.10345 3897.43590 0.00000 0.08332
2793.10345 4000.00000 0.00000 0.05556
2896.55172 0.00000 0.00000 0.14659
2896.55172 102.56410 0.00000 0.42194
2896.55172 205.12821 0.00000 0.20961
2896.55172 307.69231 0.00000 0.27359
2896.55172 410.25641 0.00000 0.18420
2896.55172 512.82051 0.00000 0.46355
2896.55172 615.38462 0.00000 0.64692
2896.55172 717.94872 0.00000 0.67517
2896.55172 820.51282 0.00000 0.71658
2896.55172 923.07692 0.00000 1.10232
2896.55172 1025.64103 0.00000 1.09909
2896.55172 1128.20513 0.00000 1.23762
2896.55172 1230.76923 0.00000 1.19511
2896.55172 1333.33333 0.00000 1.41985
2896.55172 1435.89744 0.00000 1.36835
2896.55172 1538.46154 0.00000 1.23946
2896.55172 1641.02564 0.00000 1.23496
2896.55172 1743.58974 0.00000 1.17325
2896.55172 1846.15385 0.00000 1.02544
2896.55172 1948.71795 0.00000 0.93759
2896.55172 2051.28205 0.00000 0.98659
2896.55172 2153.84615 0.00000 0.84010
2896.55172 2256.41026 0.00000 0.80576
2896.55172 2358.97436 0.00000 0.58515
2896.55172 2461.53846 0.00000 0.52030
2896.55172 2564.10256 0.00000 0.53795
2896.55172 2666.66667 0.00000 0.47148
2896.55172 2769.23077 0.00000 0.42711
2896.55172 2871.79487 0.00000 0.30093
2896.55172 2974.35897 0.00000 0.32182
2896.55172 3076.92308 0.00000 0.34635
2896.55172 3179.48718 0.00000 0.33854
2896.55172 3282.05128 0.00000 0.30959
2896.55172 3384.61538 0.00000 0.31369
2896.55172 3487.17949 0.00000 0.29507
2896.55172 3589.74359 0.00000 0.42016
2896.55172 3692.30769 0.00000 0.28011
2896.55172 3794.87179 0.00000 -0.04409
2896.55172 3897.43590 0.00000 0.23483
2896.55172 4000.00000 0.00000 0.22998
3000.00000 0.00000 0.00000 0.07367
3000.00000 102.56410 0.00000 0.25998
3000.00000 205.12821 0.00000 0.36818
3000.00000 307.69231 0.00000 0.32433
3000.00000 410.25641 0.00000 0.32914
3000.00000 512.82051 0.00000 0.32371
3000.00000 615.38462 0.00000 0.53144
3000.00000 717.94872 0.00000 0.56961
3000.00000 820.51282 0.00000 0.63006
3000.00000 923.07692 0.00000 0.62006
3000.00000 1025.64103 0.00000 0.77354
3000.00000 1128.20513 0.00000 0.65709
3000.00000 1230.76923 0.00000 1.02904
3000.00000 1333.33333 0.00000 1.09088
3000.00000 1435.89744 0.00000 0.98756
3000.00000 1538.46154 0.00000 1.14713
3000.00000 1641.02564 0.00000 1.09022
3000.00000 1743.58974 0.00000 0.96587
3000.00000 1846.15385 0.00000 0.92772
3000.00000 1948.71795 0.00000 0.80639
3000.00000 2051.28205 0.00000 0.78878
3000.00000 2153.84615 0.00000 0.67718
3000.00000 2256.41026 0.00000 0.60595
3000.00000 2358.97436 0.00000 0.56065
3000.00000 2461.53846 0.00000 0.48111
3000.00000 2564.10256 0.00000 0.49400
3000.00000 2666.66667 0.00000 0.58628
3000.00000 2769.23077 0.00000 0.44362
3000.00000 2871.79487 0.00000 0.37107
3000.00000 2974.35897 0.00000 0.23374
3000.00000 3076.92308 0.00000 0.19778
3000.00000 3179.48718 0.00000 0.32661
3000.00000 3282.05128 0.00000 0.32106
3000.00000 3384.61538 0.00000 0.18170
3000.00000 3487.17949 0.00000 0.21951
3000.00000 3589.74359 0.00000 0.18529
3000.00000 3692.30769 0.00000 -0.09485
3000.00000 3794.87179 0.00000 0.13841
3000.00000 3897.43590 0.00000 0.00991
3000.00000 4000.00000 0.00000 0.16947
