0.00000 0.00000 0.00000 -0.07173
0.00000 103.44828 0.00000 -0.08221
0.00000 206.89655 0.00000 -0.09314
0.00000 310.34483 0.00000 -0.10392
0.00000 413.79310 0.00000 -0.11371
0.00000 517.24138 0.00000 -0.12146
0.00000 620.68966 0.00000 -0.12604
0.00000 724.13793 0.00000 -0.12640
0.00000 827.58621 0.00000 -0.12172
0.00000 931.03448 0.00000 -0.11157
0.00000 1034.48276 0.00000 -0.09593
0.00000 1137.93103 0.00000 -0.07524
0.00000 1241.37931 0.00000 -0.05032
0.00000 1344.82759 0.00000 -0.02225
0.00000 1448.27586 0.00000 0.00772
0.00000 1551.72414 0.00000 0.03826
0.00000 1655.17241 0.00000 0.06804
0.00000 1758.62069 0.00000 0.09573
0.00000 1862.06897 0.00000 0.12006
0.00000 1965.51724 0.00000 0.13994
0.00000 2068.96552 0.00000 0.15451
0.00000 2172.41379 0.00000 0.16334
0.00000 2275.86207 0.00000 0.16643
0.00000 2379.31034 0.00000 0.16422
0.00000 2482.75862 0.00000 0.15755
0.00000 2586.20690 0.00000 0.14751
0.00000 2689.65517 0.00000 0.13529
0.00000 2793.10345 0.00000 0.12200
0.00000 2896.55172 0.00000 0.10854
0.00000 3000.00000 0.00000 0.09559
105.26316 0.00000 0.00000 -0.08901
105.26316 103.44828 0.00000 -0.10406
105.26316 206.89655 0.00000 -0.12034
105.26316 310.34483 0.00000 -0.13707
105.26316 413.79310 0.00000 -0.15299
105.26316 517.24138 0.00000 -0.16644
105.26316 620.68966 0.00000 -0.17556
105.26316 724.13793 0.00000 -0.17856
105.26316 827.58621 0.00000 -0.17406
105.26316 931.03448 0.00000 -0.16130
105.26316 1034.48276 0.00000 -0.14026
105.26316 1137.93103 0.00000 -0.11164
105.26316 1241.37931 0.00000 -0.07676
105.26316 1344.82759 0.00000 -0.03731
105.26316 1448.27586 0.00000 0.00484
105.26316 1551.72414 0.00000 0.04778
105.26316 1655.17241 0.00000 0.08963
105.26316 1758.62069 0.00000 0.12850
105.26316 1862.06897 0.00000 0.16255
105.26316 1965.51724 0.00000 0.19008
105.26316 2068.96552 0.00000 0.20979
105.26316 2172.41379 0.00000 0.22098
105.26316 2275.86207 0.00000 0.22366
105.26316 2379.31034 0.00000 0.21859
105.26316 2482.75862 0.00000 0.20717
105.26316 2586.20690 0.00000 0.19117
105.26316 2689.65517 0.00000 0.17252
105.26316 2793.10345 0.00000 0.15291
105.26316 2896.55172 0.00000 0.13369
105.26316 3000.00000 0.00000 0.11574
210.52632 0.00000 0.00000 -0.11030
210.52632 103.44828 0.00000 -0.13187
210.52632 206.89655 0.00000 -0.15615
210.52632 310.34483 0.00000 -0.18215
210.52632 413.79310 0.00000 -0.20804
210.52632 517.24138 0.00000 -0.23115
210.52632 620.68966 0.00000 -0.24828
210.52632 724.13793 0.00000 -0.25634
210.52632 827.58621 0.00000 -0.25295
210.52632 931.03448 0.00000 -0.23679
210.52632 1034.48276 0.00000 -0.20785
210.52632 1137.93103 0.00000 -0.16735
210.52632 1241.37931 0.00000 -0.11749
210.52632 1344.82759 0.00000 -0.06106
210.52632 1448.27586 0.00000 -0.00094
210.52632 1551.72414 0.00000 0.06015
210.52632 1655.17241 0.00000 0.11966
210.52632 1758.62069 0.00000 0.17497
210.52632 1862.06897 0.00000 0.22333
210.52632 1965.51724 0.00000 0.26211
210.52632 2068.96552 0.00000 0.28921
210.52632 2172.41379 0.00000 0.30348
210.52632 2275.86207 0.00000 0.30494
210.52632 2379.31034 0.00000 0.29486
210.52632 2482.75862 0.00000 0.27556
210.52632 2586.20690 0.00000 0.25004
210.52632 2689.65517 0.00000 0.22143
210.52632 2793.10345 0.00000 0.19239
210.52632 2896.55172 0.00000 0.16489
210.52632 3000.00000 0.00000 0.14003
315.78947 0.00000 0.00000 -0.13617
315.78947 103.44828 0.00000 -0.16695
315.78947 206.89655 0.00000 -0.20314
315.78947 310.34483 0.00000 -0.24371
315.78947 413.79310 0.00000 -0.28603
315.78947 517.24138 0.00000 -0.32569
315.78947 620.68966 0.00000 -0.35706
315.78947 724.13793 0.00000 -0.37460
315.78947 827.58621 0.00000 -0.37412
315.78947 931.03448 0.00000 -0.35343
315.78947 1034.48276 0.00000 -0.31256
315.78947 1137.93103 0.00000 -0.25365
315.78947 1241.37931 0.00000 -0.18067
315.78947 1344.82759 0.00000 -0.09845
315.78947 1448.27586 0.00000 -0.01157
315.78947 1551.72414 0.00000 0.07620
315.78947 1655.17241 0.00000 0.16162
315.78947 1758.62069 0.00000 0.24120
315.78947 1862.06897 0.00000 0.31089
315.78947 1965.51724 0.00000 0.36644
315.78947 2068.96552 0.00000 0.40437
315.78947 2172.41379 0.00000 0.42270
315.78947 2275.86207 0.00000 0.42146
315.78947 2379.31034 0.00000 0.40272
315.78947 2482.75862 0.00000 0.37041
315.78947 2586.20690 0.00000 0.32961
315.78947 2689.65517 0.00000 0.28554
315.78947 2793.10345 0.00000 0.24247
315.78947 2896.55172 0.00000 0.20315
315.78947 3000.00000 0.00000 0.16887
421.05263 0.00000 0.00000 -0.16688
421.05263 103.44828 0.00000 -0.21041
421.05263 206.89655 0.00000 -0.26413
421.05263 310.34483 0.00000 -0.32756
421.05263 413.79310 0.00000 -0.39725
421.05263 517.24138 0.00000 -0.46572
421.05263 620.68966 0.00000 -0.52258
421.05263 724.13793 0.00000 -0.55758
421.05263 827.58621 0.00000 -0.56339
421.05263 931.03448 0.00000 -0.53649
421.05263 1034.48276 0.00000 -0.47698
421.05263 1137.93103 0.00000 -0.38869
421.05263 1241.37931 0.00000 -0.27898
421.05263 1344.82759 0.00000 -0.15683
421.05263 1448.27586 0.00000 -0.02993
421.05263 1551.72414 0.00000 0.09679
421.05263 1655.17241 0.00000 0.21992
421.05263 1758.62069 0.00000 0.33532
421.05263 1862.06897 0.00000 0.43693
421.05263 1965.51724 0.00000 0.51768
421.05263 2068.96552 0.00000 0.57157
421.05263 2172.41379 0.00000 0.59531
421.05263 2275.86207 0.00000 0.58885
421.05263 2379.31034 0.00000 0.55551
421.05263 2482.75862 0.00000 0.50183
421.05263 2586.20690 0.00000 0.43660
421.05263 2689.65517 0.00000 0.36870
421.05263 2793.10345 0.00000 0.30494
421.05263 2896.55172 0.00000 0.24908
421.05263 3000.00000 0.00000 0.20227
526.31579 0.00000 0.00000 -0.20199
526.31579 103.44828 0.00000 -0.26251
526.31579 206.89655 0.00000 -0.34132
526.31579 310.34483 0.00000 -0.44013
526.31579 413.79310 0.00000 -0.55539
526.31579 517.24138 0.00000 -0.67448
526.31579 620.68966 0.00000 -0.77709
526.31579 724.13793 0.00000 -0.84351
526.31579 827.58621 0.00000 -0.86146
526.31579 931.03448 0.00000 -0.82584
526.31579 1034.48276 0.00000 -0.73676
526.31579 1137.93103 0.00000 -0.60042
526.31579 1241.37931 0.00000 -0.43077
526.31579 1344.82759 0.00000 -0.24596
526.31579 1448.27586 0.00000 -0.05971
526.31579 1551.72414 0.00000 0.12249
526.31579 1655.17241 0.00000 0.29916
526.31579 1758.62069 0.00000 0.46653
526.31579 1862.06897 0.00000 0.61547
526.31579 1965.51724 0.00000 0.73374
526.31579 2068.96552 0.00000 0.81099
526.31579 2172.41379 0.00000 0.84189
526.31579 2275.86207 0.00000 0.82631
526.31579 2379.31034 0.00000 0.76926
526.31579 2482.75862 0.00000 0.68134
526.31579 2586.20690 0.00000 0.57772
526.31579 2689.65517 0.00000 0.47385
526.31579 2793.10345 0.00000 0.38049
526.31579 2896.55172 0.00000 0.30229
526.31579 3000.00000 0.00000 0.23950
631.57895 0.00000 0.00000 -0.23990
631.57895 103.44828 0.00000 -0.32157
631.57895 206.89655 0.00000 -0.43417
631.57895 310.34483 0.00000 -0.58520
631.57895 413.79310 0.00000 -0.77435
631.57895 517.24138 0.00000 -0.98123
631.57895 620.68966 0.00000 -1.16404
631.57895 724.13793 0.00000 -1.28407
631.57895 827.58621 0.00000 -1.32291
631.57895 931.03448 0.00000 -1.27519
631.57895 1034.48276 0.00000 -1.14033
631.57895 1137.93103 0.00000 -0.92586
631.57895 1241.37931 0.00000 -0.65776
631.57895 1344.82759 0.00000 -0.37521
631.57895 1448.27586 0.00000 -0.10397
631.57895 1551.72414 0.00000 0.15298
631.57895 1655.17241 0.00000 0.40143
631.57895 1758.62069 0.00000 0.64077
631.57895 1862.06897 0.00000 0.85714
631.57895 1965.51724 0.00000 1.02892
631.57895 2068.96552 0.00000 1.13875
631.57895 2172.41379 0.00000 1.17883
631.57895 2275.86207 0.00000 1.14905
631.57895 2379.31034 0.00000 1.05618
631.57895 2482.75862 0.00000 0.91641
631.57895 2586.20690 0.00000 0.75555
631.57895 2689.65517 0.00000 0.60022
631.57895 2793.10345 0.00000 0.46698
631.57895 2896.55172 0.00000 0.36054
631.57895 3000.00000 0.00000 0.27868
736.84211 0.00000 0.00000 -0.27737
736.84211 103.44828 0.00000 -0.38270
736.84211 206.89655 0.00000 -0.53596
736.84211 310.34483 0.00000 -0.75589
736.84211 413.79310 0.00000 -1.05344
736.84211 517.24138 0.00000 -1.39980
736.84211 620.68966 0.00000 -1.71001
736.84211 724.13793 0.00000 -1.91041
736.84211 827.58621 0.00000 -1.97965
736.84211 931.03448 0.00000 -1.91655
736.84211 1034.48276 0.00000 -1.71789
736.84211 1137.93103 0.00000 -1.38683
736.84211 1241.37931 0.00000 -0.96733
736.84211 1344.82759 0.00000 -0.54315
736.84211 1448.27586 0.00000 -0.16130
736.84211 1551.72414 0.00000 0.18594
736.84211 1655.17241 0.00000 0.52069
736.84211 1758.62069 0.00000 0.84991
736.84211 1862.06897 0.00000 1.15299
736.84211 1965.51724 0.00000 1.39339
736.84211 2068.96552 0.00000 1.54395
736.84211 2172.41379 0.00000 1.59475
736.84211 2275.86207 0.00000 1.54607
736.84211 2379.31034 0.00000 1.40583
736.84211 2482.75862 0.00000 1.19657
736.84211 2586.20690 0.00000 0.95964
736.84211 2689.65517 0.00000 0.73863
736.84211 2793.10345 0.00000 0.55735
736.84211 2896.55172 0.00000 0.41889
736.84211 3000.00000 0.00000 0.31651
842.10526 0.00000 0.00000 -0.30968
842.10526 103.44828 0.00000 -0.43740
842.10526 206.89655 0.00000 -0.63122
842.10526 310.34483 0.00000 -0.92449
842.10526 413.79310 0.00000 -1.34628
842.10526 517.24138 0.00000 -1.86188
842.10526 620.68966 0.00000 -2.32602
842.10526 724.13793 0.00000 -2.61910
842.10526 827.58621 0.00000 -2.72242
842.10526 931.03448 0.00000 -2.64330
842.10526 1034.48276 0.00000 -2.37418
842.10526 1137.93103 0.00000 -1.90748
842.10526 1241.37931 0.00000 -1.30694
842.10526 1344.82759 0.00000 -0.72027
842.10526 1448.27586 0.00000 -0.22120
842.10526 1551.72414 0.00000 0.21647
842.10526 1655.17241 0.00000 0.63734
842.10526 1758.62069 0.00000 1.05886
842.10526 1862.06897 0.00000 1.45286
842.10526 1965.51724 0.00000 1.76496
842.10526 2068.96552 0.00000 1.95727
842.10526 2172.41379 0.00000 2.01861
842.10526 2275.86207 0.00000 1.94991
842.10526 2379.31034 0.00000 1.75943
842.10526 2482.75862 0.00000 1.47561
842.10526 2586.20690 0.00000 1.15738
842.10526 2689.65517 0.00000 0.86806
842.10526 2793.10345 0.00000 0.63884
842.10526 2896.55172 0.00000 0.46975
842.10526 3000.00000 0.00000 0.34854
947.36842 0.00000 0.00000 -0.33163
947.36842 103.44828 0.00000 -0.47544
947.36842 206.89655 0.00000 -0.69919
947.36842 310.34483 0.00000 -1.04760
947.36842 413.79310 0.00000 -1.56312
947.36842 517.24138 0.00000 -2.20541
947.36842 620.68966 0.00000 -2.78529
947.36842 724.13793 0.00000 -3.14897
947.36842 827.58621 0.00000 -3.27849
947.36842 931.03448 0.00000 -3.18738
947.36842 1034.48276 0.00000 -2.86489
947.36842 1137.93103 0.00000 -2.29618
947.36842 1241.37931 0.00000 -1.56082
947.36842 1344.82759 0.00000 -0.85279
947.36842 1448.27586 0.00000 -0.26626
947.36842 1551.72414 0.00000 0.23813
947.36842 1655.17241 0.00000 0.72247
947.36842 1758.62069 0.00000 1.21253
947.36842 1862.06897 0.00000 1.67444
947.36842 1965.51724 0.00000 2.04019
947.36842 2068.96552 0.00000 2.26364
947.36842 2172.41379 0.00000 2.33269
947.36842 2275.86207 0.00000 2.24879
947.36842 2379.31034 0.00000 2.02036
947.36842 2482.75862 0.00000 1.68023
947.36842 2586.20690 0.00000 1.30078
947.36842 2689.65517 0.00000 0.96038
947.36842 2793.10345 0.00000 0.69579
947.36842 2896.55172 0.00000 0.50456
947.36842 3000.00000 0.00000 0.37004
1052.63158 0.00000 0.00000 -0.33918
1052.63158 103.44828 0.00000 -0.48867
1052.63158 206.89655 0.00000 -0.72303
1052.63158 310.34483 0.00000 -1.09088
1052.63158 413.79310 0.00000 -1.63859
1052.63158 517.24138 0.00000 -2.32307
1052.63158 620.68966 0.00000 -2.94177
1052.63158 724.13793 0.00000 -3.32993
1052.63158 827.58621 0.00000 -3.46875
1052.63158 931.03448 0.00000 -3.37341
1052.63158 1034.48276 0.00000 -3.03223
1052.63158 1137.93103 0.00000 -2.42882
1052.63158 1241.37931 0.00000 -1.64861
1052.63158 1344.82759 0.00000 -0.89944
1052.63158 1448.27586 0.00000 -0.28232
1052.63158 1551.72414 0.00000 0.24572
1052.63158 1655.17241 0.00000 0.75254
1052.63158 1758.62069 0.00000 1.26678
1052.63158 1862.06897 0.00000 1.75260
1052.63158 1965.51724 0.00000 2.13731
1052.63158 2068.96552 0.00000 2.37181
1052.63158 2172.41379 0.00000 2.44358
1052.63158 2275.86207 0.00000 2.35425
1052.63158 2379.31034 0.00000 2.11231
1052.63158 2482.75862 0.00000 1.75228
1052.63158 2586.20690 0.00000 1.35123
1052.63158 2689.65517 0.00000 0.99275
1052.63158 2793.10345 0.00000 0.71562
1052.63158 2896.55172 0.00000 0.51657
1052.63158 3000.00000 0.00000 0.37739
1157.89474 0.00000 0.00000 -0.33085
1157.89474 103.44828 0.00000 -0.47408
1157.89474 206.89655 0.00000 -0.69674
1157.89474 310.34483 0.00000 -1.04314
1157.89474 413.79310 0.00000 -1.55531
1157.89474 517.24138 0.00000 -2.19316
1157.89474 620.68966 0.00000 -2.76898
1157.89474 724.13793 0.00000 -3.13011
1157.89474 827.58621 0.00000 -3.25867
1157.89474 931.03448 0.00000 -3.16801
1157.89474 1034.48276 0.00000 -2.84745
1157.89474 1137.93103 0.00000 -2.28235
1157.89474 1241.37931 0.00000 -1.55172
1157.89474 1344.82759 0.00000 -0.84799
1157.89474 1448.27586 0.00000 -0.26462
1157.89474 1551.72414 0.00000 0.23735
1157.89474 1655.17241 0.00000 0.71938
1157.89474 1758.62069 0.00000 1.20695
1157.89474 1862.06897 0.00000 1.66640
1157.89474 1965.51724 0.00000 2.03020
1157.89474 2068.96552 0.00000 2.25251
1157.89474 2172.41379 0.00000 2.32128
1157.89474 2275.86207 0.00000 2.23795
1157.89474 2379.31034 0.00000 2.01089
1157.89474 2482.75862 0.00000 1.67281
1157.89474 2586.20690 0.00000 1.29559
1157.89474 2689.65517 0.00000 0.95705
1157.89474 2793.10345 0.00000 0.69374
1157.89474 2896.55172 0.00000 0.50332
1157.89474 3000.00000 0.00000 0.36928
1263.15789 0.00000 0.00000 -0.30827
1263.15789 103.44828 0.00000 -0.43497
1263.15789 206.89655 0.00000 -0.62693
1263.15789 310.34483 0.00000 -0.91677
1263.15789 413.79310 0.00000 -1.33268
1263.15789 517.24138 0.00000 -1.84021
1263.15789 620.68966 0.00000 -2.29701
1263.15789 724.13793 0.00000 -2.58569
1263.15789 827.58621 0.00000 -2.68739
1263.15789 931.03448 0.00000 -2.60901
1263.15789 1034.48276 0.00000 -2.34321
1263.15789 1137.93103 0.00000 -1.88295
1263.15789 1241.37931 0.00000 -1.29101
1263.15789 1344.82759 0.00000 -0.71202
1263.15789 1448.27586 0.00000 -0.21840
1263.15789 1551.72414 0.00000 0.21510
1263.15789 1655.17241 0.00000 0.63201
1263.15789 1758.62069 0.00000 1.04925
1263.15789 1862.06897 0.00000 1.43902
1263.15789 1965.51724 0.00000 1.74779
1263.15789 2068.96552 0.00000 1.93816
1263.15789 2172.41379 0.00000 1.99902
1263.15789 2275.86207 0.00000 1.93126
1263.15789 2379.31034 0.00000 1.74313
1263.15789 2482.75862 0.00000 1.46280
1263.15789 2586.20690 0.00000 1.14838
1263.15789 2689.65517 0.00000 0.86224
1263.15789 2793.10345 0.00000 0.63522
1263.15789 2896.55172 0.00000 0.46752
1263.15789 3000.00000 0.00000 0.34715
1368.42105 0.00000 0.00000 -0.27557
1368.42105 103.44828 0.00000 -0.37972
1368.42105 206.89655 0.00000 -0.53087
1368.42105 310.34483 0.00000 -0.74708
1368.42105 413.79310 0.00000 -1.03852
1368.42105 517.24138 0.00000 -1.37674
1368.42105 620.68966 0.00000 -1.67953
1368.42105 724.13793 0.00000 -1.87539
1368.42105 827.58621 0.00000 -1.94294
1368.42105 931.03448 0.00000 -1.88066
1368.42105 1034.48276 0.00000 -1.68551
1368.42105 1137.93103 0.00000 -1.36108
1368.42105 1241.37931 0.00000 -0.95034
1368.42105 1344.82759 0.00000 -0.53415
1368.42105 1448.27586 0.00000 -0.15825
1368.42105 1551.72414 0.00000 0.18430
1368.42105 1655.17241 0.00000 0.51457
1368.42105 1758.62069 0.00000 0.83905
1368.42105 1862.06897 0.00000 1.13749
1368.42105 1965.51724 0.00000 1.37423
1368.42105 2068.96552 0.00000 1.52264
1368.42105 2172.41379 0.00000 1.57289
1368.42105 2275.86207 0.00000 1.52523
1368.42105 2379.31034 0.00000 1.38754
1368.42105 2482.75862 0.00000 1.18204
1368.42105 2586.20690 0.00000 0.94922
1368.42105 2689.65517 0.00000 0.73170
1368.42105 2793.10345 0.00000 0.55292
1368.42105 2896.55172 0.00000 0.41608
1368.42105 3000.00000 0.00000 0.31472
1473.68421 0.00000 0.00000 -0.23798
1473.68421 103.44828 0.00000 -0.31851
1473.68421 206.89655 0.00000 -0.42923
1473.68421 310.34483 0.00000 -0.57721
1473.68421 413.79310 0.00000 -0.76185
1473.68421 517.24138 0.00000 -0.96317
1473.68421 620.68966 0.00000 -1.14090
1473.68421 724.13793 0.00000 -1.25761
1473.68421 827.58621 0.00000 -1.29516
1473.68421 931.03448 0.00000 -1.24813
1473.68421 1034.48276 0.00000 -1.11601
1473.68421 1137.93103 0.00000 -0.90634
1473.68421 1241.37931 0.00000 -0.64436
1473.68421 1344.82759 0.00000 -0.36773
1473.68421 1448.27586 0.00000 -0.10141
1473.68421 1551.72414 0.00000 0.15136
1473.68421 1655.17241 0.00000 0.39581
1473.68421 1758.62069 0.00000 0.63107
1473.68421 1862.06897 0.00000 0.84356
1473.68421 1965.51724 0.00000 1.01226
1473.68421 2068.96552 0.00000 1.12024
1473.68421 2172.41379 0.00000 1.15981
1473.68421 2275.86207 0.00000 1.13087
1473.68421 2379.31034 0.00000 1.04009
1473.68421 2482.75862 0.00000 0.90338
1473.68421 2586.20690 0.00000 0.74587
1473.68421 2689.65517 0.00000 0.59350
1473.68421 2793.10345 0.00000 0.46248
1473.68421 2896.55172 0.00000 0.35758
1473.68421 3000.00000 0.00000 0.27672
1578.94737 0.00000 0.00000 -0.20015
1578.94737 103.44828 0.00000 -0.25971
1578.94737 206.89655 0.00000 -0.33706
1578.94737 310.34483 0.00000 -0.43374
1578.94737 413.79310 0.00000 -0.54613
1578.94737 517.24138 0.00000 -0.66196
1578.94737 620.68966 0.00000 -0.76160
1578.94737 724.13793 0.00000 -0.82600
1578.94737 827.58621 0.00000 -0.84316
1578.94737 931.03448 0.00000 -0.80804
1578.94737 1034.48276 0.00000 -0.72079
1578.94737 1137.93103 0.00000 -0.58746
1578.94737 1241.37931 0.00000 -0.42157
1578.94737 1344.82759 0.00000 -0.24061
1578.94737 1448.27586 0.00000 -0.05789
1578.94737 1551.72414 0.00000 0.12108
1578.94737 1655.17241 0.00000 0.29464
1578.94737 1758.62069 0.00000 0.45896
1578.94737 1862.06897 0.00000 0.60509
1578.94737 1965.51724 0.00000 0.72112
1578.94737 2068.96552 0.00000 0.79700
1578.94737 2172.41379 0.00000 0.82749
1578.94737 2275.86207 0.00000 0.81248
1578.94737 2379.31034 0.00000 0.75689
1578.94737 2482.75862 0.00000 0.67106
1578.94737 2586.20690 0.00000 0.56978
1578.94737 2689.65517 0.00000 0.46806
1578.94737 2793.10345 0.00000 0.37641
1578.94737 2896.55172 0.00000 0.29948
1578.94737 3000.00000 0.00000 0.23757
1684.21053 0.00000 0.00000 -0.16523
1684.21053 103.44828 0.00000 -0.20803
1684.21053 206.89655 0.00000 -0.26070
1684.21053 310.34483 0.00000 -0.32274
1684.21053 413.79310 0.00000 -0.39070
1684.21053 517.24138 0.00000 -0.45731
1684.21053 620.68966 0.00000 -0.51252
1684.21053 724.13793 0.00000 -0.54637
1684.21053 827.58621 0.00000 -0.55175
1684.21053 931.03448 0.00000 -0.52521
1684.21053 1034.48276 0.00000 -0.46685
1684.21053 1137.93103 0.00000 -0.38040
1684.21053 1241.37931 0.00000 -0.27297
1684.21053 1344.82759 0.00000 -0.15327
1684.21053 1448.27586 0.00000 -0.02877
1684.21053 1551.72414 0.00000 0.09564
1684.21053 1655.17241 0.00000 0.21654
1684.21053 1758.62069 0.00000 0.32981
1684.21053 1862.06897 0.00000 0.42950
1684.21053 1965.51724 0.00000 0.50873
1684.21053 2068.96552 0.00000 0.56167
1684.21053 2172.41379 0.00000 0.58510
1684.21053 2275.86207 0.00000 0.57898
1684.21053 2379.31034 0.00000 0.54656
1684.21053 2482.75862 0.00000 0.49421
1684.21053 2586.20690 0.00000 0.43048
1684.21053 2689.65517 0.00000 0.36403
1684.21053 2793.10345 0.00000 0.30150
1684.21053 2896.55172 0.00000 0.24660
1684.21053 3000.00000 0.00000 0.20050
1789.47368 0.00000 0.00000 -0.13476
1789.47368 103.44828 0.00000 -0.16500
1789.47368 206.89655 0.00000 -0.20048
1789.47368 310.34483 0.00000 -0.24015
1789.47368 413.79310 0.00000 -0.28144
1789.47368 517.24138 0.00000 -0.32004
1789.47368 620.68966 0.00000 -0.35048
1789.47368 724.13793 0.00000 -0.36740
1789.47368 827.58621 0.00000 -0.36671
1789.47368 931.03448 0.00000 -0.34629
1789.47368 1034.48276 0.00000 -0.30614
1789.47368 1137.93103 0.00000 -0.24836
1789.47368 1241.37931 0.00000 -0.17681
1789.47368 1344.82759 0.00000 -0.09615
1789.47368 1448.27586 0.00000 -0.01088
1789.47368 1551.72414 0.00000 0.07530
1789.47368 1655.17241 0.00000 0.15917
1789.47368 1758.62069 0.00000 0.23730
1789.47368 1862.06897 0.00000 0.30571
1789.47368 1965.51724 0.00000 0.36025
1789.47368 2068.96552 0.00000 0.39753
1789.47368 2172.41379 0.00000 0.41563
1789.47368 2275.86207 0.00000 0.41457
1789.47368 2379.31034 0.00000 0.39639
1789.47368 2482.75862 0.00000 0.36489
1789.47368 2586.20690 0.00000 0.32504
1789.47368 2689.65517 0.00000 0.28191
1789.47368 2793.10345 0.00000 0.23968
1789.47368 2896.55172 0.00000 0.20105
1789.47368 3000.00000 0.00000 0.16732
1894.73684 0.00000 0.00000 -0.10913
1894.73684 103.44828 0.00000 -0.13032
1894.73684 206.89655 0.00000 -0.15412
1894.73684 310.34483 0.00000 -0.17955
1894.73684 413.79310 0.00000 -0.20482
1894.73684 517.24138 0.00000 -0.22731
1894.73684 620.68966 0.00000 -0.24392
1894.73684 724.13793 0.00000 -0.25165
1894.73684 827.58621 0.00000 -0.24816
1894.73684 931.03448 0.00000 -0.23220
1894.73684 1034.48276 0.00000 -0.20374
1894.73684 1137.93103 0.00000 -0.16395
1894.73684 1241.37931 0.00000 -0.11500
1894.73684 1344.82759 0.00000 -0.05960
1894.73684 1448.27586 0.00000 -0.00056
1894.73684 1551.72414 0.00000 0.05945
1894.73684 1655.17241 0.00000 0.11791
1894.73684 1758.62069 0.00000 0.17223
1894.73684 1862.06897 0.00000 0.21973
1894.73684 1965.51724 0.00000 0.25784
1894.73684 2068.96552 0.00000 0.28451
1894.73684 2172.41379 0.00000 0.29860
1894.73684 2275.86207 0.00000 0.30015
1894.73684 2379.31034 0.00000 0.29039
1894.73684 2482.75862 0.00000 0.27159
1894.73684 2586.20690 0.00000 0.24666
1894.73684 2689.65517 0.00000 0.21865
1894.73684 2793.10345 0.00000 0.19019
1894.73684 2896.55172 0.00000 0.16317
1894.73684 3000.00000 0.00000 0.13871
2000.00000 0.00000 0.00000 -0.08806
2000.00000 103.44828 0.00000 -0.10283
2000.00000 206.89655 0.00000 -0.11880
2000.00000 310.34483 0.00000 -0.13516
2000.00000 413.79310 0.00000 -0.15070
2000.00000 517.24138 0.00000 -0.16379
2000.00000 620.68966 0.00000 -0.17261
2000.00000 724.13793 0.00000 -0.17544
2000.00000 827.58621 0.00000 -0.17091
2000.00000 931.03448 0.00000 -0.15830
2000.00000 1034.48276 0.00000 -0.13758
2000.00000 1137.93103 0.00000 -0.10944
2000.00000 1241.37931 0.00000 -0.07515
2000.00000 1344.82759 0.00000 -0.03638
2000.00000 1448.27586 0.00000 0.00504
2000.00000 1551.72414 0.00000 0.04724
2000.00000 1655.17241 0.00000 0.08837
2000.00000 1758.62069 0.00000 0.12658
2000.00000 1862.06897 0.00000 0.16005
2000.00000 1965.51724 0.00000 0.18712
2000.00000 2068.96552 0.00000 0.20653
2000.00000 2172.41379 0.00000 0.21759
2000.00000 2275.86207 0.00000 0.22031
2000.00000 2379.31034 0.00000 0.21542
2000.00000 2482.75862 0.00000 0.20429
2000.00000 2586.20690 0.00000 0.18867
2000.00000 2689.65517 0.00000 0.17040
2000.00000 2793.10345 0.00000 0.15118
2000.00000 2896.55172 0.00000 0.13229
2000.00000 3000.00000 0.00000 0.11464
