0.00 0.00 0.00 0.13
0.00 103.45 0.00 0.01
0.00 206.90 0.00 0.07
0.00 310.34 0.00 0.14
0.00 413.79 0.00 0.11
0.00 517.24 0.00 0.13
0.00 620.69 0.00 0.14
0.00 724.14 0.00 0.20
0.00 827.59 0.00 0.17
0.00 931.03 0.00 0.14
0.00 1034.48 0.00 0.09
0.00 1137.93 0.00 0.28
0.00 1241.38 0.00 0.24
0.00 1344.83 0.00 0.24
0.00 1448.28 0.00 0.29
0.00 1551.72 0.00 0.19
0.00 1655.17 0.00 0.18
0.00 1758.62 0.00 0.15
0.00 1862.07 0.00 0.19
0.00 1965.52 0.00 0.16
0.00 2068.97 0.00 0.13
0.00 2172.41 0.00 0.15
0.00 2275.86 0.00 0.03
0.00 2379.31 0.00 0.17
0.00 2482.76 0.00 0.18
0.00 2586.21 0.00 0.12
0.00 2689.66 0.00 0.01
0.00 2793.10 0.00 0.16
0.00 2896.55 0.00 -0.01
0.00 3000.00 0.00 0.03
105.26 0.00 0.00 0.05
105.26 103.45 0.00 0.05
105.26 206.90 0.00 0.09
105.26 310.34 0.00 0.12
105.26 413.79 0.00 0.20
105.26 517.24 0.00 0.01
105.26 620.69 0.00 0.17
105.26 724.14 0.00 0.24
105.26 827.59 0.00 0.16
105.26 931.03 0.00 0.26
105.26 1034.48 0.00 0.18
105.26 1137.93 0.00 0.31
105.26 1241.38 0.00 0.29
105.26 1344.83 0.00 0.29
105.26 1448.28 0.00 0.39
105.26 1551.72 0.00 0.31
105.26 1655.17 0.00 0.23
105.26 1758.62 0.00 0.34
105.26 1862.07 0.00 0.25
105.26 1965.52 0.00 0.19
105.26 2068.97 0.00 0.07
105.26 2172.41 0.00 0.12
105.26 2275.86 0.00 0.16
105.26 2379.31 0.00 0.19
105.26 2482.76 0.00 0.17
105.26 2586.21 0.00 0.06
105.26 2689.66 0.00 0.14
105.26 2793.10 0.00 0.10
105.26 2896.55 0.00 0.07
105.26 3000.00 0.00 -0.00
210.53 0.00 0.00 -0.02
210.53 103.45 0.00 0.08
210.53 206.90 0.00 0.05
210.53 310.34 0.00 0.18
210.53 413.79 0.00 0.21
210.53 517.24 0.00 0.20
210.53 620.69 0.00 0.32
210.53 724.14 0.00 0.16
210.53 827.59 0.00 0.21
210.53 931.03 0.00 0.31
210.53 1034.48 0.00 0.49
210.53 1137.93 0.00 0.34
210.53 1241.38 0.00 0.52
210.53 1344.83 0.00 0.43
210.53 1448.28 0.00 0.46
210.53 1551.72 0.00 0.39
210.53 1655.17 0.00 0.40
210.53 1758.62 0.00 0.38
210.53 1862.07 0.00 0.33
210.53 1965.52 0.00 0.24
210.53 2068.97 0.00 0.27
210.53 2172.41 0.00 0.24
210.53 2275.86 0.00 0.08
210.53 2379.31 0.00 0.14
210.53 2482.76 0.00 0.01
210.53 2586.21 0.00 0.07
210.53 2689.66 0.00 0.08
210.53 2793.10 0.00 0.00
210.53 2896.55 0.00 0.09
210.53 3000.00 0.00 0.12
315.79 0.00 0.00 0.06
315.79 103.45 0.00 -0.12
315.79 206.90 0.00 0.11
315.79 310.34 0.00 0.20
315.79 413.79 0.00 0.25
315.79 517.24 0.00 0.08
315.79 620.69 0.00 0.26
315.79 724.14 0.00 0.26
315.79 827.59 0.00 0.41
315.79 931.03 0.00 0.34
315.79 1034.48 0.00 0.40
315.79 1137.93 0.00 0.65
315.79 1241.38 0.00 0.70
315.79 1344.83 0.00 0.60
315.79 1448.28 0.00 0.66
315.79 1551.72 0.00 0.50
315.79 1655.17 0.00 0.58
315.79 1758.62 0.00 0.43
315.79 1862.07 0.00 0.36
315.79 1965.52 0.00 0.44
315.79 2068.97 0.00 0.31
315.79 2172.41 0.00 0.31
315.79 2275.86 0.00 0.23
315.79 2379.31 0.00 0.22
315.79 2482.76 0.00 0.02
315.79 2586.21 0.00 0.23
315.79 2689.66 0.00 0.07
315.79 2793.10 0.00 0.01
315.79 2896.55 0.00 0.01
315.79 3000.00 0.00 0.09
421.05 0.00 0.00 0.08
421.05 103.45 0.00 0.11
421.05 206.90 0.00 0.18
421.05 310.34 0.00 0.09
421.05 413.79 0.00 0.13
421.05 517.24 0.00 0.23
421.05 620.69 0.00 0.29
421.05 724.14 0.00 0.31
421.05 827.59 0.00 0.45
421.05 931.03 0.00 0.57
421.05 1034.48 0.00 0.83
421.05 1137.93 0.00 0.84
421.05 1241.38 0.00 0.84
421.05 1344.83 0.00 0.96
421.05 1448.28 0.00 0.93
421.05 1551.72 0.00 0.82
421.05 1655.17 0.00 0.90
421.05 1758.62 0.00 0.80
421.05 1862.07 0.00 0.60
421.05 1965.52 0.00 0.46
421.05 2068.97 0.00 0.36
421.05 2172.41 0.00 0.22
421.05 2275.86 0.00 0.18
421.05 2379.31 0.00 0.08
421.05 2482.76 0.00 0.17
421.05 2586.21 0.00 0.14
421.05 2689.66 0.00 0.06
421.05 2793.10 0.00 0.13
421.05 2896.55 0.00 -0.01
421.05 3000.00 0.00 0.03
526.32 0.00 0.00 0.03
526.32 103.45 0.00 0.06
526.32 206.90 0.00 0.12
526.32 310.34 0.00 0.13
526.32 413.79 0.00 0.18
526.32 517.24 0.00 0.21
526.32 620.69 0.00 0.36
526.32 724.14 0.00 0.61
526.32 827.59 0.00 0.59
526.32 931.03 0.00 0.98
526.32 1034.48 0.00 0.98
526.32 1137.93 0.00 1.26
526.32 1241.38 0.00 1.27
526.32 1344.83 0.00 1.35
526.32 1448.28 0.00 1.50
526.32 1551.72 0.00 1.36
526.32 1655.17 0.00 1.14
526.32 1758.62 0.00 1.02
526.32 1862.07 0.00 0.82
526.32 1965.52 0.00 0.66
526.32 2068.97 0.00 0.47
526.32 2172.41 0.00 0.38
526.32 2275.86 0.00 0.33
526.32 2379.31 0.00 0.20
526.32 2482.76 0.00 0.15
526.32 2586.21 0.00 0.11
526.32 2689.66 0.00 0.15
526.32 2793.10 0.00 -0.00
526.32 2896.55 0.00 -0.01
526.32 3000.00 0.00 0.18
631.58 0.00 0.00 0.19
631.58 103.45 0.00 0.15
631.58 206.90 0.00 0.18
631.58 310.34 0.00 0.16
631.58 413.79 0.00 0.17
631.58 517.24 0.00 0.30
631.58 620.69 0.00 0.33
631.58 724.14 0.00 0.58
631.58 827.59 0.00 0.63
631.58 931.03 0.00 1.04
631.58 1034.48 0.00 1.48
631.58 1137.93 0.00 1.73
631.58 1241.38 0.00 1.84
631.58 1344.83 0.00 2.06
631.58 1448.28 0.00 1.92
631.58 1551.72 0.00 1.80
631.58 1655.17 0.00 1.75
631.58 1758.62 0.00 1.39
631.58 1862.07 0.00 0.97
631.58 1965.52 0.00 0.72
631.58 2068.97 0.00 0.53
631.58 2172.41 0.00 0.41
631.58 2275.86 0.00 0.30
631.58 2379.31 0.00 0.20
631.58 2482.76 0.00 0.15
631.58 2586.21 0.00 0.04
631.58 2689.66 0.00 0.03
631.58 2793.10 0.00 0.12
631.58 2896.55 0.00 0.05
631.58 3000.00 0.00 0.06
736.84 0.00 0.00 0.00
736.84 103.45 0.00 0.13
736.84 206.90 0.00 0.11
736.84 310.34 0.00 0.11
736.84 413.79 0.00 0.18
736.84 517.24 0.00 0.34
736.84 620.69 0.00 0.46
736.84 724.14 0.00 0.60
736.84 827.59 0.00 0.87
736.84 931.03 0.00 1.35
736.84 1034.48 0.00 1.89
736.84 1137.93 0.00 2.28
736.84 1241.38 0.00 2.51
736.84 1344.83 0.00 2.61
736.84 1448.28 0.00 2.68
736.84 1551.72 0.00 2.63
736.84 1655.17 0.00 2.30
736.84 1758.62 0.00 1.78
736.84 1862.07 0.00 1.32
736.84 1965.52 0.00 0.95
736.84 2068.97 0.00 0.76
736.84 2172.41 0.00 0.50
736.84 2275.86 0.00 0.23
736.84 2379.31 0.00 0.24
736.84 2482.76 0.00 0.25
736.84 2586.21 0.00 0.09
736.84 2689.66 0.00 0.12
736.84 2793.10 0.00 0.17
736.84 2896.55 0.00 0.09
736.84 3000.00 0.00 0.00
842.11 0.00 0.00 0.10
842.11 103.45 0.00 0.07
842.11 206.90 0.00 0.27
842.11 310.34 0.00 0.29
842.11 413.79 0.00 0.26
842.11 517.24 0.00 0.22
842.11 620.69 0.00 0.37
842.11 724.14 0.00 0.75
842.11 827.59 0.00 1.10
842.11 931.03 0.00 1.61
842.11 1034.48 0.00 2.18
842.11 1137.93 0.00 2.71
842.11 1241.38 0.00 3.04
842.11 1344.83 0.00 3.35
842.11 1448.28 0.00 3.16
842.11 1551.72 0.00 2.99
842.11 1655.17 0.00 2.60
842.11 1758.62 0.00 2.27
842.11 1862.07 0.00 1.48
842.11 1965.52 0.00 1.01
842.11 2068.97 0.00 0.69
842.11 2172.41 0.00 0.48
842.11 2275.86 0.00 0.36
842.11 2379.31 0.00 0.27
842.11 2482.76 0.00 0.28
842.11 2586.21 0.00 0.19
842.11 2689.66 0.00 0.18
842.11 2793.10 0.00 0.19
842.11 2896.55 0.00 0.07
842.11 3000.00 0.00 0.07
947.37 0.00 0.00 -0.07
947.37 103.45 0.00 0.17
947.37 206.90 0.00 0.18
947.37 310.34 0.00 0.24
947.37 413.79 0.00 0.18
947.37 517.24 0.00 0.35
947.37 620.69 0.00 0.44
947.37 724.14 0.00 0.83
947.37 827.59 0.00 1.05
947.37 931.03 0.00 1.63
947.37 1034.48 0.00 2.20
947.37 1137.93 0.00 2.67
947.37 1241.38 0.00 3.02
947.37 1344.83 0.00 3.14
947.37 1448.28 0.00 3.23
947.37 1551.72 0.00 3.08
947.37 1655.17 0.00 2.72
947.37 1758.62 0.00 2.22
947.37 1862.07 0.00 1.59
947.37 1965.52 0.00 1.06
947.37 2068.97 0.00 0.65
947.37 2172.41 0.00 0.45
947.37 2275.86 0.00 0.24
947.37 2379.31 0.00 0.19
947.37 2482.76 0.00 0.21
947.37 2586.21 0.00 0.09
947.37 2689.66 0.00 0.11
947.37 2793.10 0.00 0.05
947.37 2896.55 0.00 0.02
947.37 3000.00 0.00 0.09
1052.63 0.00 0.00 0.13
1052.63 103.45 0.00 -0.04
1052.63 206.90 0.00 0.13
1052.63 310.34 0.00 0.27
1052.63 413.79 0.00 0.22
1052.63 517.24 0.00 0.31
1052.63 620.69 0.00 0.42
1052.63 724.14 0.00 0.66
1052.63 827.59 0.00 0.87
1052.63 931.03 0.00 1.36
1052.63 1034.48 0.00 1.80
1052.63 1137.93 0.00 2.34
1052.63 1241.38 0.00 2.59
1052.63 1344.83 0.00 2.82
1052.63 1448.28 0.00 2.70
1052.63 1551.72 0.00 2.69
1052.63 1655.17 0.00 2.27
1052.63 1758.62 0.00 1.83
1052.63 1862.07 0.00 1.43
1052.63 1965.52 0.00 1.00
1052.63 2068.97 0.00 0.68
1052.63 2172.41 0.00 0.49
1052.63 2275.86 0.00 0.39
1052.63 2379.31 0.00 0.40
1052.63 2482.76 0.00 0.09
1052.63 2586.21 0.00 0.22
1052.63 2689.66 0.00 0.09
1052.63 2793.10 0.00 0.13
1052.63 2896.55 0.00 0.11
1052.63 3000.00 0.00 0.05
1157.89 0.00 0.00 0.11
1157.89 103.45 0.00 0.09
1157.89 206.90 0.00 0.13
1157.89 310.34 0.00 0.16
1157.89 413.79 0.00 0.14
1157.89 517.24 0.00 0.25
1157.89 620.69 0.00 0.40
1157.89 724.14 0.00 0.67
1157.89 827.59 0.00 0.83
1157.89 931.03 0.00 1.08
1157.89 1034.48 0.00 1.38
1157.89 1137.93 0.00 1.83
1157.89 1241.38 0.00 1.96
1157.89 1344.83 0.00 2.12
1157.89 1448.28 0.00 2.10
1157.89 1551.72 0.00 1.97
1157.89 1655.17 0.00 1.79
1157.89 1758.62 0.00 1.35
1157.89 1862.07 0.00 1.06
1157.89 1965.52 0.00 0.78
1157.89 2068.97 0.00 0.63
1157.89 2172.41 0.00 0.42
1157.89 2275.86 0.00 0.34
1157.89 2379.31 0.00 0.18
1157.89 2482.76 0.00 0.04
1157.89 2586.21 0.00 0.18
1157.89 2689.66 0.00 0.12
1157.89 2793.10 0.00 0.07
1157.89 2896.55 0.00 0.12
1157.89 3000.00 0.00 0.04
1263.16 0.00 0.00 0.20
1263.16 103.45 0.00 0.12
1263.16 206.90 0.00 0.03
1263.16 310.34 0.00 0.14
1263.16 413.79 0.00 0.19
1263.16 517.24 0.00 0.16
1263.16 620.69 0.00 0.31
1263.16 724.14 0.00 0.43
1263.16 827.59 0.00 0.58
1263.16 931.03 0.00 0.78
1263.16 1034.48 0.00 1.06
1263.16 1137.93 0.00 1.25
1263.16 1241.38 0.00 1.32
1263.16 1344.83 0.00 1.36
1263.16 1448.28 0.00 1.49
1263.16 1551.72 0.00 1.36
1263.16 1655.17 0.00 1.15
1263.16 1758.62 0.00 1.05
1263.16 1862.07 0.00 0.90
1263.16 1965.52 0.00 0.56
1263.16 2068.97 0.00 0.45
1263.16 2172.41 0.00 0.33
1263.16 2275.86 0.00 0.23
1263.16 2379.31 0.00 0.26
1263.16 2482.76 0.00 0.23
1263.16 2586.21 0.00 0.17
1263.16 2689.66 0.00 0.05
1263.16 2793.10 0.00 0.08
1263.16 2896.55 0.00 0.04
1263.16 3000.00 0.00 -0.02
1368.42 0.00 0.00 0.13
1368.42 103.45 0.00 0.18
1368.42 206.90 0.00 0.12
1368.42 310.34 0.00 0.13
1368.42 413.79 0.00 0.13
1368.42 517.24 0.00 0.11
1368.42 620.69 0.00 0.30
1368.42 724.14 0.00 0.31
1368.42 827.59 0.00 0.50
1368.42 931.03 0.00 0.60
1368.42 1034.48 0.00 0.73
1368.42 1137.93 0.00 0.78
1368.42 1241.38 0.00 0.93
1368.42 1344.83 0.00 0.88
1368.42 1448.28 0.00 0.98
1368.42 1551.72 0.00 0.99
1368.42 1655.17 0.00 0.85
1368.42 1758.62 0.00 0.76
1368.42 1862.07 0.00 0.64
1368.42 1965.52 0.00 0.38
1368.42 2068.97 0.00 0.39
1368.42 2172.41 0.00 0.33
1368.42 2275.86 0.00 0.16
1368.42 2379.31 0.00 0.10
1368.42 2482.76 0.00 0.16
1368.42 2586.21 0.00 0.17
1368.42 2689.66 0.00 -0.04
1368.42 2793.10 0.00 0.11
1368.42 2896.55 0.00 0.04
1368.42 3000.00 0.00 0.07
1473.68 0.00 0.00 0.05
1473.68 103.45 0.00 0.10
1473.68 206.90 0.00 0.10
1473.68 310.34 0.00 0.03
1473.68 413.79 0.00 0.13
1473.68 517.24 0.00 0.20
1473.68 620.69 0.00 0.32
1473.68 724.14 0.00 0.22
1473.68 827.59 0.00 0.37
1473.68 931.03 0.00 0.45
1473.68 1034.48 0.00 0.58
1473.68 1137.93 0.00 0.54
1473.68 1241.38 0.00 0.50
1473.68 1344.83 0.00 0.82
1473.68 1448.28 0.00 0.65
1473.68 1551.72 0.00 0.69
1473.68 1655.17 0.00 0.58
1473.68 1758.62 0.00 0.38
1473.68 1862.07 0.00 0.56
1473.68 1965.52 0.00 0.39
1473.68 2068.97 0.00 0.32
1473.68 2172.41 0.00 0.24
1473.68 2275.86 0.00 0.34
1473.68 2379.31 0.00 0.09
1473.68 2482.76 0.00 0.14
1473.68 2586.21 0.00 0.15
1473.68 2689.66 0.00 0.04
1473.68 2793.10 0.00 0.07
1473.68 2896.55 0.00 0.14
1473.68 3000.00 0.00 0.03
1578.95 0.00 0.00 0.07
1578.95 103.45 0.00 0.07
1578.95 206.90 0.00 0.07
1578.95 310.34 0.00 0.02
1578.95 413.79 0.00 0.16
1578.95 517.24 0.00 0.13
1578.95 620.69 0.00 0.12
1578.95 724.14 0.00 0.15
1578.95 827.59 0.00 0.28
1578.95 931.03 0.00 0.30
1578.95 1034.48 0.00 0.48
1578.95 1137.93 0.00 0.37
1578.95 1241.38 0.00 0.49
1578.95 1344.83 0.00 0.46
1578.95 1448.28 0.00 0.45
1578.95 1551.72 0.00 0.38
1578.95 1655.17 0.00 0.42
1578.95 1758.62 0.00 0.32
1578.95 1862.07 0.00 0.39
1578.95 1965.52 0.00 0.25
1578.95 2068.97 0.00 0.23
1578.95 2172.41 0.00 0.13
1578.95 2275.86 0.00 0.26
1578.95 2379.31 0.00 0.18
1578.95 2482.76 0.00 0.03
1578.95 2586.21 0.00 0.10
1578.95 2689.66 0.00 0.01
1578.95 2793.10 0.00 0.05
1578.95 2896.55 0.00 0.08
1578.95 3000.00 0.00 0.13
1684.21 0.00 0.00 0.08
1684.21 103.45 0.00 0.05
1684.21 206.90 0.00 0.05
1684.21 310.34 0.00 0.18
1684.21 413.79 0.00 0.09
1684.21 517.24 0.00 0.14
1684.21 620.69 0.00 0.21
1684.21 724.14 0.00 0.13
1684.21 827.59 0.00 0.33
1684.21 931.03 0.00 0.31
1684.21 1034.48 0.00 0.25
1684.21 1137.93 0.00 0.31
1684.21 1241.38 0.00 0.38
1684.21 1344.83 0.00 0.27
1684.21 1448.28 0.00 0.34
1684.21 1551.72 0.00 0.31
1684.21 1655.17 0.00 0.28
1684.21 1758.62 0.00 0.31
1684.21 1862.07 0.00 0.28
1684.21 1965.52 0.00 0.04
1684.21 2068.97 0.00 0.30
1684.21 2172.41 0.00 0.25
1684.21 2275.86 0.00 0.18
1684.21 2379.31 0.00 0.14
1684.21 2482.76 0.00 0.09
1684.21 2586.21 0.00 0.20
1684.21 2689.66 0.00 0.07
1684.21 2793.10 0.00 0.12
1684.21 2896.55 0.00 0.02
1684.21 3000.00 0.00 -0.06
1789.47 0.00 0.00 -0.06
1789.47 103.45 0.00 0.05
1789.47 206.90 0.00 -0.10
1789.47 310.34 0.00 0.09
1789.47 413.79 0.00 0.01
1789.47 517.24 0.00 -0.08
1789.47 620.69 0.00 0.21
1789.47 724.14 0.00 0.17
1789.47 827.59 0.00 0.22
1789.47 931.03 0.00 0.13
1789.47 1034.48 0.00 0.28
1789.47 1137.93 0.00 0.16
1789.47 1241.38 0.00 0.21
1789.47 1344.83 0.00 0.25
1789.47 1448.28 0.00 0.23
1789.47 1551.72 0.00 0.22
1789.47 1655.17 0.00 0.25
1789.47 1758.62 0.00 0.24
1789.47 1862.07 0.00 0.21
1789.47 1965.52 0.00 0.08
1789.47 2068.97 0.00 0.24
1789.47 2172.41 0.00 0.09
1789.47 2275.86 0.00 0.14
1789.47 2379.31 0.00 0.19
1789.47 2482.76 0.00 0.03
1789.47 2586.21 0.00 0.04
1789.47 2689.66 0.00 -0.09
1789.47 2793.10 0.00 0.09
1789.47 2896.55 0.00 0.04
1789.47 3000.00 0.00 -0.01
1894.74 0.00 0.00 0.17
1894.74 103.45 0.00 0.01
1894.74 206.90 0.00 0.05
1894.74 310.34 0.00 0.08
1894.74 413.79 0.00 0.06
1894.74 517.24 0.00 0.11
1894.74 620.69 0.00 0.14
1894.74 724.14 0.00 0.12
1894.74 827.59 0.00 0.22
1894.74 931.03 0.00 0.12
1894.74 1034.48 0.00 0.15
1894.74 1137.93 0.00 0.20
1894.74 1241.38 0.00 0.26
1894.74 1344.83 0.00 0.24
1894.74 1448.28 0.00 0.26
1894.74 1551.72 0.00 0.08
1894.74 1655.17 0.00 0.19
1894.74 1758.62 0.00 0.25
1894.74 1862.07 0.00 0.29
1894.74 1965.52 0.00 0.12
1894.74 2068.97 0.00 0.13
1894.74 2172.41 0.00 0.04
1894.74 2275.86 0.00 0.17
1894.74 2379.31 0.00 0.09
1894.74 2482.76 0.00 0.13
1894.74 2586.21 0.00 0.07
1894.74 2689.66 0.00 0.05
1894.74 2793.10 0.00 0.02
1894.74 2896.55 0.00 0.02
1894.74 3000.00 0.00 0.14
2000.00 0.00 0.00 -0.05
2000.00 103.45 0.00 0.04
2000.00 206.90 0.00 0.07
2000.00 310.34 0.00 0.11
2000.00 413.79 0.00 0.03
2000.00 517.24 0.00 0.05
2000.00 620.69 0.00 0.11
2000.00 724.14 0.00 0.05
2000.00 827.59 0.00 0.18
2000.00 931.03 0.00 0.06
2000.00 1034.48 0.00 0.08
2000.00 1137.93 0.00 0.14
2000.00 1241.38 0.00 0.13
2000.00 1344.83 0.00 0.19
2000.00 1448.28 0.00 0.14
2000.00 1551.72 0.00 0.01
2000.00 1655.17 0.00 0.24
2000.00 1758.62 0.00 0.08
2000.00 1862.07 0.00 0.08
2000.00 1965.52 0.00 0.04
2000.00 2068.97 0.00 0.08
2000.00 2172.41 0.00 0.08
2000.00 2275.86 0.00 0.02
2000.00 2379.31 0.00 0.05
2000.00 2482.76 0.00 0.02
2000.00 2586.21 0.00 0.09
2000.00 2689.66 0.00 0.15
2000.00 2793.10 0.00 0.11
2000.00 2896.55 0.00 0.01
2000.00 3000.00 0.00 0.03
