0.00000 0.00000 0.00000 -0.05322
0.00000 103.44828 0.00000 -0.07792
0.00000 206.89655 0.00000 -0.10175
0.00000 310.34483 0.00000 -0.13437
0.00000 413.79310 0.00000 -0.07857
0.00000 517.24138 0.00000 -0.09391
0.00000 620.68966 0.00000 -0.13226
0.00000 724.13793 0.00000 -0.10223
0.00000 827.58621 0.00000 -0.19715
0.00000 931.03448 0.00000 -0.14349
0.00000 1034.48276 0.00000 -0.16696
0.00000 1137.93103 0.00000 -0.04512
0.00000 1241.37931 0.00000 -0.03223
0.00000 1344.82759 0.00000 -0.09891
0.00000 1448.27586 0.00000 0.00860
0.00000 1551.72414 0.00000 0.12569
0.00000 1655.17241 0.00000 0.05210
0.00000 1758.62069 0.00000 0.11228
0.00000 1862.06897 0.00000 0.08371
0.00000 1965.51724 0.00000 0.14437
0.00000 2068.96552 0.00000 0.20140
0.00000 2172.41379 0.00000 0.17500
0.00000 2275.86207 0.00000 0.10970
0.00000 2379.31034 0.00000 0.26175
0.00000 2482.75862 0.00000 0.04281
0.00000 2586.20690 0.00000 0.12017
0.00000 2689.65517 0.00000 0.16258
0.00000 2793.10345 0.00000 0.16697
0.00000 2896.55172 0.00000 0.10390
0.00000 3000.00000 0.00000 0.05213
105.26316 0.00000 0.00000 -0.16210
105.26316 103.44828 0.00000 -0.16062
105.26316 206.89655 0.00000 -0.15705
105.26316 310.34483 0.00000 -0.12962
105.26316 413.79310 0.00000 -0.16319
105.26316 517.24138 0.00000 -0.12409
105.26316 620.68966 0.00000 -0.17586
105.26316 724.13793 0.00000 -0.13689
105.26316 827.58621 0.00000 -0.24144
105.26316 931.03448 0.00000 -0.24236
105.26316 1034.48276 0.00000 -0.07633
105.26316 1137.93103 0.00000 -0.03845
105.26316 1241.37931 0.00000 -0.04535
105.26316 1344.82759 0.00000 -0.14303
105.26316 1448.27586 0.00000 0.07118
105.26316 1551.72414 0.00000 0.07883
105.26316 1655.17241 0.00000 0.16014
105.26316 1758.62069 0.00000 0.10979
105.26316 1862.06897 0.00000 0.23960
105.26316 1965.51724 0.00000 0.22715
105.26316 2068.96552 0.00000 0.22200
105.26316 2172.41379 0.00000 0.06873
105.26316 2275.86207 0.00000 0.19945
105.26316 2379.31034 0.00000 0.11613
105.26316 2482.75862 0.00000 0.26147
105.26316 2586.20690 0.00000 0.27116
105.26316 2689.65517 0.00000 0.19912
105.26316 2793.10345 0.00000 0.21752
105.26316 2896.55172 0.00000 0.10104
105.26316 3000.00000 0.00000 0.10529
210.52632 0.00000 0.00000 -0.22291
210.52632 103.44828 0.00000 -0.10830
210.52632 206.89655 0.00000 -0.21174
210.52632 310.34483 0.00000 -0.16648
210.52632 413.79310 0.00000 -0.24878
210.52632 517.24138 0.00000 -0.24600
210.52632 620.68966 0.00000 -0.24326
210.52632 724.13793 0.00000 -0.31855
210.52632 827.58621 0.00000 -0.31388
210.52632 931.03448 0.00000 -0.24062
210.52632 1034.48276 0.00000 -0.14714
210.52632 1137.93103 0.00000 -0.19404
210.52632 1241.37931 0.00000 -0.11942
210.52632 1344.82759 0.00000 -0.03153
210.52632 1448.27586 0.00000 0.04405
210.52632 1551.72414 0.00000 0.06255
210.52632 1655.17241 0.00000 0.00428
210.52632 1758.62069 0.00000 0.14900
210.52632 1862.06897 0.00000 0.10200
210.52632 1965.51724 0.00000 0.22207
210.52632 2068.96552 0.00000 0.32899
210.52632 2172.41379 0.00000 0.28833
210.52632 2275.86207 0.00000 0.32160
210.52632 2379.31034 0.00000 0.32367
210.52632 2482.75862 0.00000 0.25853
210.52632 2586.20690 0.00000 0.23778
210.52632 2689.65517 0.00000 0.13099
210.52632 2793.10345 0.00000 0.19297
210.52632 2896.55172 0.00000 0.14922
210.52632 3000.00000 0.00000 0.18913
315.78947 0.00000 0.00000 -0.12018
315.78947 103.44828 0.00000 -0.17921
315.78947 206.89655 0.00000 -0.23268
315.78947 310.34483 0.00000 -0.25711
315.78947 413.79310 0.00000 -0.17131
315.78947 517.24138 0.00000 -0.37057
315.78947 620.68966 0.00000 -0.30095
315.78947 724.13793 0.00000 -0.27073
315.78947 827.58621 0.00000 -0.38366
315.78947 931.03448 0.00000 -0.32621
315.78947 1034.48276 0.00000 -0.24014
315.78947 1137.93103 0.00000 -0.21142
315.78947 1241.37931 0.00000 -0.29835
315.78947 1344.82759 0.00000 0.02206
315.78947 1448.27586 0.00000 -0.02779
315.78947 1551.72414 0.00000 0.08289
315.78947 1655.17241 0.00000 0.21034
315.78947 1758.62069 0.00000 0.28404
315.78947 1862.06897 0.00000 0.35621
315.78947 1965.51724 0.00000 0.39133
315.78947 2068.96552 0.00000 0.44284
315.78947 2172.41379 0.00000 0.38324
315.78947 2275.86207 0.00000 0.36295
315.78947 2379.31034 0.00000 0.45404
315.78947 2482.75862 0.00000 0.40881
315.78947 2586.20690 0.00000 0.34748
315.78947 2689.65517 0.00000 0.29344
315.78947 2793.10345 0.00000 0.15417
315.78947 2896.55172 0.00000 0.24971
315.78947 3000.00000 0.00000 0.20655
421.05263 0.00000 0.00000 -0.24826
421.05263 103.44828 0.00000 -0.21586
421.05263 206.89655 0.00000 -0.38499
421.05263 310.34483 0.00000 -0.37431
421.05263 413.79310 0.00000 -0.41360
421.05263 517.24138 0.00000 -0.42487
421.05263 620.68966 0.00000 -0.60145
421.05263 724.13793 0.00000 -0.62817
421.05263 827.58621 0.00000 -0.60230
421.05263 931.03448 0.00000 -0.50738
421.05263 1034.48276 0.00000 -0.41915
421.05263 1137.93103 0.00000 -0.45289
421.05263 1241.37931 0.00000 -0.32487
421.05263 1344.82759 0.00000 -0.18042
421.05263 1448.27586 0.00000 -0.06969
421.05263 1551.72414 0.00000 0.04850
421.05263 1655.17241 0.00000 0.17231
421.05263 1758.62069 0.00000 0.30071
421.05263 1862.06897 0.00000 0.45829
421.05263 1965.51724 0.00000 0.44969
421.05263 2068.96552 0.00000 0.53510
421.05263 2172.41379 0.00000 0.61864
421.05263 2275.86207 0.00000 0.63430
421.05263 2379.31034 0.00000 0.50980
421.05263 2482.75862 0.00000 0.55004
421.05263 2586.20690 0.00000 0.37702
421.05263 2689.65517 0.00000 0.34220
421.05263 2793.10345 0.00000 0.23152
421.05263 2896.55172 0.00000 0.22350
421.05263 3000.00000 0.00000 0.06626
526.31579 0.00000 0.00000 -0.21943
526.31579 103.44828 0.00000 -0.25947
526.31579 206.89655 0.00000 -0.33708
526.31579 310.34483 0.00000 -0.51393
526.31579 413.79310 0.00000 -0.51629
526.31579 517.24138 0.00000 -0.66348
526.31579 620.68966 0.00000 -0.69703
526.31579 724.13793 0.00000 -0.87399
526.31579 827.58621 0.00000 -0.88429
526.31579 931.03448 0.00000 -0.86847
526.31579 1034.48276 0.00000 -0.76839
526.31579 1137.93103 0.00000 -0.59912
526.31579 1241.37931 0.00000 -0.41354
526.31579 1344.82759 0.00000 -0.24576
526.31579 1448.27586 0.00000 -0.13923
526.31579 1551.72414 0.00000 0.03722
526.31579 1655.17241 0.00000 0.33439
526.31579 1758.62069 0.00000 0.40059
526.31579 1862.06897 0.00000 0.59720
526.31579 1965.51724 0.00000 0.70178
526.31579 2068.96552 0.00000 0.84368
526.31579 2172.41379 0.00000 0.81353
526.31579 2275.86207 0.00000 0.89175
526.31579 2379.31034 0.00000 0.79716
526.31579 2482.75862 0.00000 0.68726
526.31579 2586.20690 0.00000 0.51824
526.31579 2689.65517 0.00000 0.53750
526.31579 2793.10345 0.00000 0.34484
526.31579 2896.55172 0.00000 0.35951
526.31579 3000.00000 0.00000 0.27486
631.57895 0.00000 0.00000 -0.25151
631.57895 103.44828 0.00000 -0.34214
631.57895 206.89655 0.00000 -0.42856
631.57895 310.34483 0.00000 -0.57753
631.57895 413.79310 0.00000 -0.78325
631.57895 517.24138 0.00000 -1.00547
631.57895 620.68966 0.00000 -1.22980
631.57895 724.13793 0.00000 -1.25936
631.57895 827.58621 0.00000 -1.29387
631.57895 931.03448 0.00000 -1.19745
631.57895 1034.48276 0.00000 -1.19430
631.57895 1137.93103 0.00000 -0.81943
631.57895 1241.37931 0.00000 -0.70986
631.57895 1344.82759 0.00000 -0.39605
631.57895 1448.27586 0.00000 -0.07560
631.57895 1551.72414 0.00000 0.17674
631.57895 1655.17241 0.00000 0.42487
631.57895 1758.62069 0.00000 0.63187
631.57895 1862.06897 0.00000 0.89590
631.57895 1965.51724 0.00000 0.99777
631.57895 2068.96552 0.00000 1.17011
631.57895 2172.41379 0.00000 1.22223
631.57895 2275.86207 0.00000 1.08796
631.57895 2379.31034 0.00000 1.04589
631.57895 2482.75862 0.00000 0.98834
631.57895 2586.20690 0.00000 0.77147
631.57895 2689.65517 0.00000 0.55392
631.57895 2793.10345 0.00000 0.46829
631.57895 2896.55172 0.00000 0.44641
631.57895 3000.00000 0.00000 0.30726
736.84211 0.00000 0.00000 -0.29318
736.84211 103.44828 0.00000 -0.38627
736.84211 206.89655 0.00000 -0.51031
736.84211 310.34483 0.00000 -0.74738
736.84211 413.79310 0.00000 -1.00368
736.84211 517.24138 0.00000 -1.43633
736.84211 620.68966 0.00000 -1.64090
736.84211 724.13793 0.00000 -1.85562
736.84211 827.58621 0.00000 -1.88279
736.84211 931.03448 0.00000 -2.02551
736.84211 1034.48276 0.00000 -1.66211
736.84211 1137.93103 0.00000 -1.31638
736.84211 1241.37931 0.00000 -0.93624
736.84211 1344.82759 0.00000 -0.56794
736.84211 1448.27586 0.00000 -0.13964
736.84211 1551.72414 0.00000 0.17670
736.84211 1655.17241 0.00000 0.54828
736.84211 1758.62069 0.00000 0.83478
736.84211 1862.06897 0.00000 1.21284
736.84211 1965.51724 0.00000 1.38901
736.84211 2068.96552 0.00000 1.59333
736.84211 2172.41379 0.00000 1.53998
736.84211 2275.86207 0.00000 1.63611
736.84211 2379.31034 0.00000 1.45704
736.84211 2482.75862 0.00000 1.25311
736.84211 2586.20690 0.00000 0.91791
736.84211 2689.65517 0.00000 0.72666
736.84211 2793.10345 0.00000 0.67668
736.84211 2896.55172 0.00000 0.38618
736.84211 3000.00000 0.00000 0.28992
842.10526 0.00000 0.00000 -0.37529
842.10526 103.44828 0.00000 -0.43142
842.10526 206.89655 0.00000 -0.64000
842.10526 310.34483 0.00000 -0.78350
842.10526 413.79310 0.00000 -1.26937
842.10526 517.24138 0.00000 -1.80851
842.10526 620.68966 0.00000 -2.36701
842.10526 724.13793 0.00000 -2.60080
842.10526 827.58621 0.00000 -2.76082
842.10526 931.03448 0.00000 -2.75852
842.10526 1034.48276 0.00000 -2.38449
842.10526 1137.93103 0.00000 -1.87433
842.10526 1241.37931 0.00000 -1.31204
842.10526 1344.82759 0.00000 -0.73408
842.10526 1448.27586 0.00000 -0.24242
842.10526 1551.72414 0.00000 0.09584
842.10526 1655.17241 0.00000 0.59983
842.10526 1758.62069 0.00000 1.04067
842.10526 1862.06897 0.00000 1.48907
842.10526 1965.51724 0.00000 1.68269
842.10526 2068.96552 0.00000 1.91235
842.10526 2172.41379 0.00000 2.06705
842.10526 2275.86207 0.00000 1.94844
842.10526 2379.31034 0.00000 1.65410
842.10526 2482.75862 0.00000 1.49825
842.10526 2586.20690 0.00000 1.20487
842.10526 2689.65517 0.00000 0.92608
842.10526 2793.10345 0.00000 0.57435
842.10526 2896.55172 0.00000 0.50596
842.10526 3000.00000 0.00000 0.35363
947.36842 0.00000 0.00000 -0.30720
947.36842 103.44828 0.00000 -0.51688
947.36842 206.89655 0.00000 -0.73146
947.36842 310.34483 0.00000 -1.05534
947.36842 413.79310 0.00000 -1.54190
947.36842 517.24138 0.00000 -2.25342
947.36842 620.68966 0.00000 -2.88405
947.36842 724.13793 0.00000 -3.19754
947.36842 827.58621 0.00000 -3.27784
947.36842 931.03448 0.00000 -3.19030
947.36842 1034.48276 0.00000 -2.80454
947.36842 1137.93103 0.00000 -2.34222
947.36842 1241.37931 0.00000 -1.61051
947.36842 1344.82759 0.00000 -0.82444
947.36842 1448.27586 0.00000 -0.27958
947.36842 1551.72414 0.00000 0.28918
947.36842 1655.17241 0.00000 0.71006
947.36842 1758.62069 0.00000 1.22372
947.36842 1862.06897 0.00000 1.75727
947.36842 1965.51724 0.00000 1.98830
947.36842 2068.96552 0.00000 2.33230
947.36842 2172.41379 0.00000 2.38346
947.36842 2275.86207 0.00000 2.19574
947.36842 2379.31034 0.00000 2.03449
947.36842 2482.75862 0.00000 1.70427
947.36842 2586.20690 0.00000 1.26979
947.36842 2689.65517 0.00000 0.90917
947.36842 2793.10345 0.00000 0.69478
947.36842 2896.55172 0.00000 0.45304
947.36842 3000.00000 0.00000 0.29001
1052.63158 0.00000 0.00000 -0.37517
1052.63158 103.44828 0.00000 -0.42590
1052.63158 206.89655 0.00000 -0.77424
1052.63158 310.34483 0.00000 -1.14194
1052.63158 413.79310 0.00000 -1.64431
1052.63158 517.24138 0.00000 -2.30004
1052.63158 620.68966 0.00000 -2.91946
1052.63158 724.13793 0.00000 -3.35603
1052.63158 827.58621 0.00000 -3.47713
1052.63158 931.03448 0.00000 -3.34190
1052.63158 1034.48276 0.00000 -2.97685
1052.63158 1137.93103 0.00000 -2.40197
1052.63158 1241.37931 0.00000 -1.61453
1052.63158 1344.82759 0.00000 -0.88465
1052.63158 1448.27586 0.00000 -0.31359
1052.63158 1551.72414 0.00000 0.23924
1052.63158 1655.17241 0.00000 0.75674
1052.63158 1758.62069 0.00000 1.23480
1052.63158 1862.06897 0.00000 1.78321
1052.63158 1965.51724 0.00000 2.16624
1052.63158 2068.96552 0.00000 2.30191
1052.63158 2172.41379 0.00000 2.40241
1052.63158 2275.86207 0.00000 2.29550
1052.63158 2379.31034 0.00000 2.12351
1052.63158 2482.75862 0.00000 1.68510
1052.63158 2586.20690 0.00000 1.33029
1052.63158 2689.65517 0.00000 0.97960
1052.63158 2793.10345 0.00000 0.69113
1052.63158 2896.55172 0.00000 0.51487
1052.63158 3000.00000 0.00000 0.42197
1157.89474 0.00000 0.00000 -0.35356
1157.89474 103.44828 0.00000 -0.53980
1157.89474 206.89655 0.00000 -0.66713
1157.89474 310.34483 0.00000 -0.98188
1157.89474 413.79310 0.00000 -1.53594
1157.89474 517.24138 0.00000 -2.30233
1157.89474 620.68966 0.00000 -2.82443
1157.89474 724.13793 0.00000 -3.18404
1157.89474 827.58621 0.00000 -3.26545
1157.89474 931.03448 0.00000 -3.11699
1157.89474 1034.48276 0.00000 -2.90829
1157.89474 1137.93103 0.00000 -2.38383
1157.89474 1241.37931 0.00000 -1.59760
1157.89474 1344.82759 0.00000 -0.80536
1157.89474 1448.27586 0.00000 -0.24450
1157.89474 1551.72414 0.00000 0.19584
1157.89474 1655.17241 0.00000 0.71897
1157.89474 1758.62069 0.00000 1.26697
1157.89474 1862.06897 0.00000 1.63726
1157.89474 1965.51724 0.00000 2.15925
1157.89474 2068.96552 0.00000 2.22305
1157.89474 2172.41379 0.00000 2.29149
1157.89474 2275.86207 0.00000 2.21055
1157.89474 2379.31034 0.00000 2.14936
1157.89474 2482.75862 0.00000 1.66600
1157.89474 2586.20690 0.00000 1.25994
1157.89474 2689.65517 0.00000 0.97134
1157.89474 2793.10345 0.00000 0.74889
1157.89474 2896.55172 0.00000 0.49028
1157.89474 3000.00000 0.00000 0.41894
1263.15789 0.00000 0.00000 -0.35439
1263.15789 103.44828 0.00000 -0.48171
1263.15789 206.89655 0.00000 -0.60377
1263.15789 310.34483 0.00000 -0.89754
1263.15789 413.79310 0.00000 -1.39439
1263.15789 517.24138 0.00000 -1.86001
1263.15789 620.68966 0.00000 -2.33623
1263.15789 724.13793 0.00000 -2.60655
1263.15789 827.58621 0.00000 -2.64780
1263.15789 931.03448 0.00000 -2.59580
1263.15789 1034.48276 0.00000 -2.37432
1263.15789 1137.93103 0.00000 -1.97988
1263.15789 1241.37931 0.00000 -1.26656
1263.15789 1344.82759 0.00000 -0.80767
1263.15789 1448.27586 0.00000 -0.08596
1263.15789 1551.72414 0.00000 0.17562
1263.15789 1655.17241 0.00000 0.61385
1263.15789 1758.62069 0.00000 1.00958
1263.15789 1862.06897 0.00000 1.42481
1263.15789 1965.51724 0.00000 1.77015
1263.15789 2068.96552 0.00000 1.84713
1263.15789 2172.41379 0.00000 1.94774
1263.15789 2275.86207 0.00000 1.92369
1263.15789 2379.31034 0.00000 1.72691
1263.15789 2482.75862 0.00000 1.46037
1263.15789 2586.20690 0.00000 1.11867
1263.15789 2689.65517 0.00000 0.86477
1263.15789 2793.10345 0.00000 0.64886
1263.15789 2896.55172 0.00000 0.45697
1263.15789 3000.00000 0.00000 0.31419
1368.42105 0.00000 0.00000 -0.27320
1368.42105 103.44828 0.00000 -0.49116
1368.42105 206.89655 0.00000 -0.58849
1368.42105 310.34483 0.00000 -0.69337
1368.42105 413.79310 0.00000 -1.05301
1368.42105 517.24138 0.00000 -1.31942
1368.42105 620.68966 0.00000 -1.74439
1368.42105 724.13793 0.00000 -1.85899
1368.42105 827.58621 0.00000 -1.97204
1368.42105 931.03448 0.00000 -1.91993
1368.42105 1034.48276 0.00000 -1.65822
1368.42105 1137.93103 0.00000 -1.27195
1368.42105 1241.37931 0.00000 -1.01467
1368.42105 1344.82759 0.00000 -0.55090
1368.42105 1448.27586 0.00000 -0.15154
1368.42105 1551.72414 0.00000 0.22555
1368.42105 1655.17241 0.00000 0.41761
1368.42105 1758.62069 0.00000 0.77013
1368.42105 1862.06897 0.00000 1.09462
1368.42105 1965.51724 0.00000 1.44364
1368.42105 2068.96552 0.00000 1.47110
1368.42105 2172.41379 0.00000 1.68201
1368.42105 2275.86207 0.00000 1.57449
1368.42105 2379.31034 0.00000 1.41541
1368.42105 2482.75862 0.00000 1.13748
1368.42105 2586.20690 0.00000 0.98186
1368.42105 2689.65517 0.00000 0.69633
1368.42105 2793.10345 0.00000 0.57830
1368.42105 2896.55172 0.00000 0.49301
1368.42105 3000.00000 0.00000 0.35348
1473.68421 0.00000 0.00000 -0.26519
1473.68421 103.44828 0.00000 -0.28934
1473.68421 206.89655 0.00000 -0.39651
1473.68421 310.34483 0.00000 -0.57183
1473.68421 413.79310 0.00000 -0.76781
1473.68421 517.24138 0.00000 -1.00982
1473.68421 620.68966 0.00000 -1.20525
1473.68421 724.13793 0.00000 -1.23191
1473.68421 827.58621 0.00000 -1.26116
1473.68421 931.03448 0.00000 -1.19805
1473.68421 1034.48276 0.00000 -1.19991
1473.68421 1137.93103 0.00000 -0.91460
1473.68421 1241.37931 0.00000 -0.61867
1473.68421 1344.82759 0.00000 -0.40898
1473.68421 1448.27586 0.00000 -0.04682
1473.68421 1551.72414 0.00000 0.18835
1473.68421 1655.17241 0.00000 0.39795
1473.68421 1758.62069 0.00000 0.62809
1473.68421 1862.06897 0.00000 0.79749
1473.68421 1965.51724 0.00000 1.01228
1473.68421 2068.96552 0.00000 1.22128
1473.68421 2172.41379 0.00000 1.13965
1473.68421 2275.86207 0.00000 1.08874
1473.68421 2379.31034 0.00000 1.01722
1473.68421 2482.75862 0.00000 0.91506
1473.68421 2586.20690 0.00000 0.77207
1473.68421 2689.65517 0.00000 0.61812
1473.68421 2793.10345 0.00000 0.45464
1473.68421 2896.55172 0.00000 0.29433
1473.68421 3000.00000 0.00000 0.22235
1578.94737 0.00000 0.00000 -0.23337
1578.94737 103.44828 0.00000 -0.19424
1578.94737 206.89655 0.00000 -0.29329
1578.94737 310.34483 0.00000 -0.46397
1578.94737 413.79310 0.00000 -0.58891
1578.94737 517.24138 0.00000 -0.68606
1578.94737 620.68966 0.00000 -0.79170
1578.94737 724.13793 0.00000 -0.77839
1578.94737 827.58621 0.00000 -0.76618
1578.94737 931.03448 0.00000 -0.81702
1578.94737 1034.48276 0.00000 -0.79423
1578.94737 1137.93103 0.00000 -0.58050
1578.94737 1241.37931 0.00000 -0.39541
1578.94737 1344.82759 0.00000 -0.23474
1578.94737 1448.27586 0.00000 -0.05665
1578.94737 1551.72414 0.00000 0.06940
1578.94737 1655.17241 0.00000 0.20730
1578.94737 1758.62069 0.00000 0.49819
1578.94737 1862.06897 0.00000 0.63208
1578.94737 1965.51724 0.00000 0.80927
1578.94737 2068.96552 0.00000 0.76486
1578.94737 2172.41379 0.00000 0.76501
1578.94737 2275.86207 0.00000 0.77029
1578.94737 2379.31034 0.00000 0.73996
1578.94737 2482.75862 0.00000 0.62074
1578.94737 2586.20690 0.00000 0.62387
1578.94737 2689.65517 0.00000 0.50255
1578.94737 2793.10345 0.00000 0.36461
1578.94737 2896.55172 0.00000 0.25259
1578.94737 3000.00000 0.00000 0.26729
1684.21053 0.00000 0.00000 -0.10205
1684.21053 103.44828 0.00000 -0.20254
1684.21053 206.89655 0.00000 -0.26450
1684.21053 310.34483 0.00000 -0.31333
1684.21053 413.79310 0.00000 -0.34572
1684.21053 517.24138 0.00000 -0.51913
1684.21053 620.68966 0.00000 -0.54325
1684.21053 724.13793 0.00000 -0.53959
1684.21053 827.58621 0.00000 -0.50072
1684.21053 931.03448 0.00000 -0.58540
1684.21053 1034.48276 0.00000 -0.50432
1684.21053 1137.93103 0.00000 -0.30320
1684.21053 1241.37931 0.00000 -0.21415
1684.21053 1344.82759 0.00000 -0.18570
1684.21053 1448.27586 0.00000 -0.02548
1684.21053 1551.72414 0.00000 0.14225
1684.21053 1655.17241 0.00000 0.23821
1684.21053 1758.62069 0.00000 0.23080
1684.21053 1862.06897 0.00000 0.34131
1684.21053 1965.51724 0.00000 0.50533
1684.21053 2068.96552 0.00000 0.51737
1684.21053 2172.41379 0.00000 0.56732
1684.21053 2275.86207 0.00000 0.54195
1684.21053 2379.31034 0.00000 0.54988
1684.21053 2482.75862 0.00000 0.51577
1684.21053 2586.20690 0.00000 0.45538
1684.21053 2689.65517 0.00000 0.38356
1684.21053 2793.10345 0.00000 0.34965
1684.21053 2896.55172 0.00000 0.14741
1684.21053 3000.00000 0.00000 0.21025
1789.47368 0.00000 0.00000 -0.08559
1789.47368 103.44828 0.00000 -0.14358
1789.47368 206.89655 0.00000 -0.17322
1789.47368 310.34483 0.00000 -0.22444
1789.47368 413.79310 0.00000 -0.32421
1789.47368 517.24138 0.00000 -0.30753
1789.47368 620.68966 0.00000 -0.38662
1789.47368 724.13793 0.00000 -0.40606
1789.47368 827.58621 0.00000 -0.39521
1789.47368 931.03448 0.00000 -0.44667
1789.47368 1034.48276 0.00000 -0.33655
1789.47368 1137.93103 0.00000 -0.23915
1789.47368 1241.37931 0.00000 -0.14826
1789.47368 1344.82759 0.00000 -0.07261
1789.47368 1448.27586 0.00000 0.00225
1789.47368 1551.72414 0.00000 0.09255
1789.47368 1655.17241 0.00000 0.16841
1789.47368 1758.62069 0.00000 0.21032
1789.47368 1862.06897 0.00000 0.26217
1789.47368 1965.51724 0.00000 0.37485
1789.47368 2068.96552 0.00000 0.41304
1789.47368 2172.41379 0.00000 0.40499
1789.47368 2275.86207 0.00000 0.39083
1789.47368 2379.31034 0.00000 0.42005
1789.47368 2482.75862 0.00000 0.36467
1789.47368 2586.20690 0.00000 0.29318
1789.47368 2689.65517 0.00000 0.33089
1789.47368 2793.10345 0.00000 0.25419
1789.47368 2896.55172 0.00000 0.17479
1789.47368 3000.00000 0.00000 0.19523
1894.73684 0.00000 0.00000 -0.15916
1894.73684 103.44828 0.00000 -0.19731
1894.73684 206.89655 0.00000 -0.08096
1894.73684 310.34483 0.00000 -0.22606
1894.73684 413.79310 0.00000 -0.26855
1894.73684 517.24138 0.00000 -0.30066
1894.73684 620.68966 0.00000 -0.27250
1894.73684 724.13793 0.00000 -0.29012
1894.73684 827.58621 0.00000 -0.24805
1894.73684 931.03448 0.00000 -0.17137
1894.73684 1034.48276 0.00000 -0.18285
1894.73684 1137.93103 0.00000 -0.09674
1894.73684 1241.37931 0.00000 -0.09929
1894.73684 1344.82759 0.00000 0.00297
1894.73684 1448.27586 0.00000 -0.02950
1894.73684 1551.72414 0.00000 0.06585
1894.73684 1655.17241 0.00000 0.11160
1894.73684 1758.62069 0.00000 0.12512
1894.73684 1862.06897 0.00000 0.17908
1894.73684 1965.51724 0.00000 0.25627
1894.73684 2068.96552 0.00000 0.32298
1894.73684 2172.41379 0.00000 0.40023
1894.73684 2275.86207 0.00000 0.27276
1894.73684 2379.31034 0.00000 0.23607
1894.73684 2482.75862 0.00000 0.29450
1894.73684 2586.20690 0.00000 0.24513
1894.73684 2689.65517 0.00000 0.28031
1894.73684 2793.10345 0.00000 0.18486
1894.73684 2896.55172 0.00000 0.19982
1894.73684 3000.00000 0.00000 0.11948
2000.00000 0.00000 0.00000 -0.10188
2000.00000 103.44828 0.00000 -0.12087
2000.00000 206.89655 0.00000 -0.07251
2000.00000 310.34483 0.00000 -0.04457
2000.00000 413.79310 0.00000 -0.17668
2000.00000 517.24138 0.00000 -0.17536
2000.00000 620.68966 0.00000 -0.19521
2000.00000 724.13793 0.00000 -0.17482
2000.00000 827.58621 0.00000 -0.18900
2000.00000 931.03448 0.00000 -0.16203
2000.00000 1034.48276 0.00000 -0.12368
2000.00000 1137.93103 0.00000 -0.04301
2000.00000 1241.37931 0.00000 -0.05092
2000.00000 1344.82759 0.00000 -0.01217
2000.00000 1448.27586 0.00000 -0.03416
2000.00000 1551.72414 0.00000 0.07059
2000.00000 1655.17241 0.00000 0.12386
2000.00000 1758.62069 0.00000 -0.00870
2000.00000 1862.06897 0.00000 0.08792
2000.00000 1965.51724 0.00000 0.15638
2000.00000 2068.96552 0.00000 0.21473
2000.00000 2172.41379 0.00000 0.24569
2000.00000 2275.86207 0.00000 0.19522
2000.00000 2379.31034 0.00000 0.17959
2000.00000 2482.75862 0.00000 0.21224
2000.00000 2586.20690 0.00000 0.28518
2000.00000 2689.65517 0.00000 0.11983
2000.00000 2793.10345 0.00000 0.11871
2000.00000 2896.55172 0.00000 0.09059
2000.00000 3000.00000 0.00000 0.11375
