0.00000 0.00000 0.00000 -0.09995
0.00000 102.56410 0.00000 0.18443
0.00000 205.12821 0.00000 0.01434
0.00000 307.69231 0.00000 0.38893
0.00000 410.25641 0.00000 0.01897
0.00000 512.82051 0.00000 0.07266
0.00000 615.38462 0.00000 -0.30029
0.00000 717.94872 0.00000 0.13268
0.00000 820.51282 0.00000 0.12364
0.00000 923.07692 0.00000 0.06670
0.00000 1025.64103 0.00000 0.21437
0.00000 1128.20513 0.00000 0.23777
0.00000 1230.76923 0.00000 0.29144
0.00000 1333.33333 0.00000 0.23818
0.00000 1435.89744 0.00000 0.21760
0.00000 1538.46154 0.00000 0.16067
0.00000 1641.02564 0.00000 0.62304
0.00000 1743.58974 0.00000 0.06598
0.00000 1846.15385 0.00000 0.15395
0.00000 1948.71795 0.00000 0.29393
0.00000 2051.28205 0.00000 0.38584
0.00000 2153.84615 0.00000 0.32742
0.00000 2256.41026 0.00000 0.55128
0.00000 2358.97436 0.00000 0.42257
0.00000 2461.53846 0.00000 0.47062
0.00000 2564.10256 0.00000 0.38865
0.00000 2666.66667 0.00000 0.46564
0.00000 2769.23077 0.00000 0.52792
0.00000 2871.79487 0.00000 -0.08810
0.00000 2974.35897 0.00000 0.30219
0.00000 3076.92308 0.00000 0.27636
0.00000 3179.48718 0.00000 0.46219
0.00000 3282.05128 0.00000 0.59413
0.00000 3384.61538 0.00000 0.47511
0.00000 3487.17949 0.00000 0.09313
0.00000 3589.74359 0.00000 -0.05944
0.00000 3692.30769 0.00000 -0.00214
0.00000 3794.87179 0.00000 0.14103
0.00000 3897.43590 0.00000 0.12399
0.00000 4000.00000 0.00000 0.03208
103.44828 0.00000 0.00000 -0.09748
103.44828 102.56410 0.00000 0.21304
103.44828 205.12821 0.00000 0.07731
103.44828 307.69231 0.00000 -0.05448
103.44828 410.25641 0.00000 0.18663
103.44828 512.82051 0.00000 0.27549
103.44828 615.38462 0.00000 -0.10672
103.44828 717.94872 0.00000 0.27273
103.44828 820.51282 0.00000 0.24169
103.44828 923.07692 0.00000 0.16089
103.44828 1025.64103 0.00000 0.15997
103.44828 1128.20513 0.00000 0.25571
103.44828 1230.76923 0.00000 0.29019
103.44828 1333.33333 0.00000 0.17605
103.44828 1435.89744 0.00000 0.42233
103.44828 1538.46154 0.00000 0.40350
103.44828 1641.02564 0.00000 0.44840
103.44828 1743.58974 0.00000 0.28108
103.44828 1846.15385 0.00000 0.55109
103.44828 1948.71795 0.00000 0.15302
103.44828 2051.28205 0.00000 0.43306
103.44828 2153.84615 0.00000 0.49597
103.44828 2256.41026 0.00000 0.59001
103.44828 2358.97436 0.00000 0.60913
103.44828 2461.53846 0.00000 0.39670
103.44828 2564.10256 0.00000 0.39858
103.44828 2666.66667 0.00000 0.51101
103.44828 2769.23077 0.00000 0.47021
103.44828 2871.79487 0.00000 0.35505
103.44828 2974.35897 0.00000 0.36353
103.44828 3076.92308 0.00000 0.12035
103.44828 3179.48718 0.00000 0.37151
103.44828 3282.05128 0.00000 0.54815
103.44828 3384.61538 0.00000 0.26428
103.44828 3487.17949 0.00000 0.27367
103.44828 3589.74359 0.00000 0.41797
103.44828 3692.30769 0.00000 0.19024
103.44828 3794.87179 0.00000 0.20801
103.44828 3897.43590 0.00000 0.52832
103.44828 4000.00000 0.00000 0.35508
206.89655 0.00000 0.00000 -0.08522
206.89655 102.56410 0.00000 0.00659
206.89655 205.12821 0.00000 0.25168
206.89655 307.69231 0.00000 0.29351
206.89655 410.25641 0.00000 0.13641
206.89655 512.82051 0.00000 0.09370
206.89655 615.38462 0.00000 0.21953
206.89655 717.94872 0.00000 -0.09093
206.89655 820.51282 0.00000 0.06005
206.89655 923.07692 0.00000 -0.07504
206.89655 1025.64103 0.00000 0.38082
206.89655 1128.20513 0.00000 0.23246
206.89655 1230.76923 0.00000 0.25401
206.89655 1333.33333 0.00000 0.29447
206.89655 1435.89744 0.00000 0.23535
206.89655 1538.46154 0.00000 0.56013
206.89655 1641.02564 0.00000 0.46303
206.89655 1743.58974 0.00000 0.78734
206.89655 1846.15385 0.00000 0.59719
206.89655 1948.71795 0.00000 0.56466
206.89655 2051.28205 0.00000 0.51051
206.89655 2153.84615 0.00000 0.47443
206.89655 2256.41026 0.00000 0.45674
206.89655 2358.97436 0.00000 0.61657
206.89655 2461.53846 0.00000 0.59133
206.89655 2564.10256 0.00000 0.72776
206.89655 2666.66667 0.00000 0.49427
206.89655 2769.23077 0.00000 0.34750
206.89655 2871.79487 0.00000 0.45561
206.89655 2974.35897 0.00000 0.62739
206.89655 3076.92308 0.00000 0.57673
206.89655 3179.48718 0.00000 0.25811
206.89655 3282.05128 0.00000 0.47400
206.89655 3384.61538 0.00000 0.50636
206.89655 3487.17949 0.00000 0.11231
206.89655 3589.74359 0.00000 0.09086
206.89655 3692.30769 0.00000 0.33392
206.89655 3794.87179 0.00000 0.29413
206.89655 3897.43590 0.00000 0.33976
206.89655 4000.00000 0.00000 -0.07359
310.34483 0.00000 0.00000 -0.01213
310.34483 102.56410 0.00000 0.03418
310.34483 205.12821 0.00000 0.17742
310.34483 307.69231 0.00000 -0.25154
310.34483 410.25641 0.00000 0.06688
310.34483 512.82051 0.00000 0.21750
310.34483 615.38462 0.00000 0.21280
310.34483 717.94872 0.00000 0.24513
310.34483 820.51282 0.00000 0.35444
310.34483 923.07692 0.00000 0.13494
310.34483 1025.64103 0.00000 0.15347
310.34483 1128.20513 0.00000 0.65464
310.34483 1230.76923 0.00000 0.45624
310.34483 1333.33333 0.00000 0.29457
310.34483 1435.89744 0.00000 0.29001
310.34483 1538.46154 0.00000 0.50447
310.34483 1641.02564 0.00000 0.67749
310.34483 1743.58974 0.00000 0.43290
310.34483 1846.15385 0.00000 0.64796
310.34483 1948.71795 0.00000 0.59380
310.34483 2051.28205 0.00000 0.67637
310.34483 2153.84615 0.00000 0.60879
310.34483 2256.41026 0.00000 0.31133
310.34483 2358.97436 0.00000 0.78899
310.34483 2461.53846 0.00000 0.74763
310.34483 2564.10256 0.00000 0.48863
310.34483 2666.66667 0.00000 0.75466
310.34483 2769.23077 0.00000 0.56494
310.34483 2871.79487 0.00000 0.38203
310.34483 2974.35897 0.00000 0.71547
310.34483 3076.92308 0.00000 0.49607
310.34483 3179.48718 0.00000 0.24476
310.34483 3282.05128 0.00000 0.35162
310.34483 3384.61538 0.00000 0.28046
310.34483 3487.17949 0.00000 0.27224
310.34483 3589.74359 0.00000 0.19642
310.34483 3692.30769 0.00000 0.13302
310.34483 3794.87179 0.00000 -0.01235
310.34483 3897.43590 0.00000 0.08820
310.34483 4000.00000 0.00000 0.17968
413.79310 0.00000 0.00000 0.02798
413.79310 102.56410 0.00000 0.12145
413.79310 205.12821 0.00000 0.17565
413.79310 307.69231 0.00000 0.28239
413.79310 410.25641 0.00000 0.10258
413.79310 512.82051 0.00000 0.15850
413.79310 615.38462 0.00000 0.14450
413.79310 717.94872 0.00000 0.56250
413.79310 820.51282 0.00000 0.17150
413.79310 923.07692 0.00000 0.11638
413.79310 1025.64103 0.00000 0.33173
413.79310 1128.20513 0.00000 0.22510
413.79310 1230.76923 0.00000 0.45099
413.79310 1333.33333 0.00000 0.50808
413.79310 1435.89744 0.00000 0.52881
413.79310 1538.46154 0.00000 0.32275
413.79310 1641.02564 0.00000 0.47890
413.79310 1743.58974 0.00000 0.58760
413.79310 1846.15385 0.00000 0.59329
413.79310 1948.71795 0.00000 0.88964
413.79310 2051.28205 0.00000 0.82650
413.79310 2153.84615 0.00000 0.92714
413.79310 2256.41026 0.00000 0.99650
413.79310 2358.97436 0.00000 1.00098
413.79310 2461.53846 0.00000 0.97535
413.79310 2564.10256 0.00000 0.80440
413.79310 2666.66667 0.00000 0.95416
413.79310 2769.23077 0.00000 0.74952
413.79310 2871.79487 0.00000 1.06960
413.79310 2974.35897 0.00000 0.66755
413.79310 3076.92308 0.00000 0.36144
413.79310 3179.48718 0.00000 0.72419
413.79310 3282.05128 0.00000 0.71804
413.79310 3384.61538 0.00000 0.47272
413.79310 3487.17949 0.00000 0.27606
413.79310 3589.74359 0.00000 0.08756
413.79310 3692.30769 0.00000 0.30465
413.79310 3794.87179 0.00000 0.26529
413.79310 3897.43590 0.00000 0.22540
413.79310 4000.00000 0.00000 0.13509
517.24138 0.00000 0.00000 0.08065
517.24138 102.56410 0.00000 0.20073
517.24138 205.12821 0.00000 -0.08842
517.24138 307.69231 0.00000 0.18201
517.24138 410.25641 0.00000 0.17796
517.24138 512.82051 0.00000 0.00277
517.24138 615.38462 0.00000 0.33964
517.24138 717.94872 0.00000 0.44770
517.24138 820.51282 0.00000 0.22377
517.24138 923.07692 0.00000 0.50632
517.24138 1025.64103 0.00000 0.63357
517.24138 1128.20513 0.00000 0.31480
517.24138 1230.76923 0.00000 0.64362
517.24138 1333.33333 0.00000 0.39801
517.24138 1435.89744 0.00000 0.63116
517.24138 1538.46154 0.00000 0.52158
517.24138 1641.02564 0.00000 0.93937
517.24138 1743.58974 0.00000 0.68259
517.24138 1846.15385 0.00000 0.54961
517.24138 1948.71795 0.00000 1.03487
517.24138 2051.28205 0.00000 1.02894
517.24138 2153.84615 0.00000 1.09070
517.24138 2256.41026 0.00000 1.24388
517.24138 2358.97436 0.00000 1.11590
517.24138 2461.53846 0.00000 1.08340
517.24138 2564.10256 0.00000 1.14696
517.24138 2666.66667 0.00000 1.02894
517.24138 2769.23077 0.00000 0.84026
517.24138 2871.79487 0.00000 1.01626
517.24138 2974.35897 0.00000 0.81486
517.24138 3076.92308 0.00000 0.55727
517.24138 3179.48718 0.00000 0.49865
517.24138 3282.05128 0.00000 0.57805
517.24138 3384.61538 0.00000 0.31044
517.24138 3487.17949 0.00000 0.34631
517.24138 3589.74359 0.00000 0.51487
517.24138 3692.30769 0.00000 0.25877
517.24138 3794.87179 0.00000 0.53017
517.24138 3897.43590 0.00000 0.40427
517.24138 4000.00000 0.00000 -0.06068
620.68966 0.00000 0.00000 -0.26125
620.68966 102.56410 0.00000 0.25165
620.68966 205.12821 0.00000 -0.03391
620.68966 307.69231 0.00000 0.40634
620.68966 410.25641 0.00000 -0.00709
620.68966 512.82051 0.00000 0.39792
620.68966 615.38462 0.00000 -0.01100
620.68966 717.94872 0.00000 0.19775
620.68966 820.51282 0.00000 0.22208
620.68966 923.07692 0.00000 0.38192
620.68966 1025.64103 0.00000 0.19007
620.68966 1128.20513 0.00000 0.28660
620.68966 1230.76923 0.00000 0.72852
620.68966 1333.33333 0.00000 0.44056
620.68966 1435.89744 0.00000 0.61344
620.68966 1538.46154 0.00000 0.77697
620.68966 1641.02564 0.00000 1.03785
620.68966 1743.58974 0.00000 0.70865
620.68966 1846.15385 0.00000 0.95302
620.68966 1948.71795 0.00000 1.09412
620.68966 2051.28205 0.00000 1.48245
620.68966 2153.84615 0.00000 1.40335
620.68966 2256.41026 0.00000 1.37212
620.68966 2358.97436 0.00000 1.55509
620.68966 2461.53846 0.00000 1.43724
620.68966 2564.10256 0.00000 1.82402
620.68966 2666.66667 0.00000 1.28324
620.68966 2769.23077 0.00000 1.21966
620.68966 2871.79487 0.00000 1.12315
620.68966 2974.35897 0.00000 1.26850
620.68966 3076.92308 0.00000 1.04674
620.68966 3179.48718 0.00000 0.97355
620.68966 3282.05128 0.00000 0.61793
620.68966 3384.61538 0.00000 0.39222
620.68966 3487.17949 0.00000 0.70764
620.68966 3589.74359 0.00000 0.44439
620.68966 3692.30769 0.00000 0.53732
620.68966 3794.87179 0.00000 0.24976
620.68966 3897.43590 0.00000 0.39057
620.68966 4000.00000 0.00000 0.20245
724.13793 0.00000 0.00000 0.01025
724.13793 102.56410 0.00000 0.21990
724.13793 205.12821 0.00000 0.18798
724.13793 307.69231 0.00000 0.27669
724.13793 410.25641 0.00000 0.33737
724.13793 512.82051 0.00000 0.13827
724.13793 615.38462 0.00000 0.14491
724.13793 717.94872 0.00000 0.30082
724.13793 820.51282 0.00000 0.37422
724.13793 923.07692 0.00000 0.81683
724.13793 1025.64103 0.00000 0.44652
724.13793 1128.20513 0.00000 0.52968
724.13793 1230.76923 0.00000 0.62502
724.13793 1333.33333 0.00000 0.83899
724.13793 1435.89744 0.00000 1.00317
724.13793 1538.46154 0.00000 0.70299
724.13793 1641.02564 0.00000 1.20051
724.13793 1743.58974 0.00000 1.12966
724.13793 1846.15385 0.00000 1.31307
724.13793 1948.71795 0.00000 1.49937
724.13793 2051.28205 0.00000 1.20449
724.13793 2153.84615 0.00000 1.78264
724.13793 2256.41026 0.00000 1.76950
724.13793 2358.97436 0.00000 1.66153
724.13793 2461.53846 0.00000 1.90852
724.13793 2564.10256 0.00000 1.71549
724.13793 2666.66667 0.00000 1.75305
724.13793 2769.23077 0.00000 1.51667
724.13793 2871.79487 0.00000 1.32454
724.13793 2974.35897 0.00000 1.53567
724.13793 3076.92308 0.00000 1.06981
724.13793 3179.48718 0.00000 1.20148
724.13793 3282.05128 0.00000 1.01097
724.13793 3384.61538 0.00000 0.53603
724.13793 3487.17949 0.00000 0.60213
724.13793 3589.74359 0.00000 0.81819
724.13793 3692.30769 0.00000 0.30815
724.13793 3794.87179 0.00000 0.66633
724.13793 3897.43590 0.00000 0.34732
724.13793 4000.00000 0.00000 0.11194
827.58621 0.00000 0.00000 0.28434
827.58621 102.56410 0.00000 0.05175
827.58621 205.12821 0.00000 -0.14615
827.58621 307.69231 0.00000 0.06717
827.58621 410.25641 0.00000 0.43389
827.58621 512.82051 0.00000 0.25309
827.58621 615.38462 0.00000 0.11830
827.58621 717.94872 0.00000 0.23412
827.58621 820.51282 0.00000 0.59221
827.58621 923.07692 0.00000 0.31531
827.58621 1025.64103 0.00000 0.48512
827.58621 1128.20513 0.00000 0.48509
827.58621 1230.76923 0.00000 0.60433
827.58621 1333.33333 0.00000 0.49954
827.58621 1435.89744 0.00000 0.95958
827.58621 1538.46154 0.00000 0.99349
827.58621 1641.02564 0.00000 1.17752
827.58621 1743.58974 0.00000 1.28321
827.58621 1846.15385 0.00000 1.86256
827.58621 1948.71795 0.00000 1.90236
827.58621 2051.28205 0.00000 2.02391
827.58621 2153.84615 0.00000 2.26412
827.58621 2256.41026 0.00000 2.25382
827.58621 2358.97436 0.00000 2.21351
827.58621 2461.53846 0.00000 2.32510
827.58621 2564.10256 0.00000 2.41863
827.58621 2666.66667 0.00000 2.00183
827.58621 2769.23077 0.00000 2.01726
827.58621 2871.79487 0.00000 1.91617
827.58621 2974.35897 0.00000 1.48191
827.58621 3076.92308 0.00000 1.36337
827.58621 3179.48718 0.00000 1.27023
827.58621 3282.05128 0.00000 1.41616
827.58621 3384.61538 0.00000 0.70646
827.58621 3487.17949 0.00000 0.70387
827.58621 3589.74359 0.00000 0.66971
827.58621 3692.30769 0.00000 0.65019
827.58621 3794.87179 0.00000 0.44580
827.58621 3897.43590 0.00000 0.32341
827.58621 4000.00000 0.00000 0.14536
931.03448 0.00000 0.00000 -0.01825
931.03448 102.56410 0.00000 0.09857
931.03448 205.12821 0.00000 0.29035
931.03448 307.69231 0.00000 0.29573
931.03448 410.25641 0.00000 -0.04667
931.03448 512.82051 0.00000 0.54734
931.03448 615.38462 0.00000 0.22711
931.03448 717.94872 0.00000 0.51759
931.03448 820.51282 0.00000 0.55492
931.03448 923.07692 0.00000 0.44750
931.03448 1025.64103 0.00000 0.49941
931.03448 1128.20513 0.00000 0.80694
931.03448 1230.76923 0.00000 0.79419
931.03448 1333.33333 0.00000 1.13947
931.03448 1435.89744 0.00000 0.84791
931.03448 1538.46154 0.00000 1.28353
931.03448 1641.02564 0.00000 1.08677
931.03448 1743.58974 0.00000 1.81718
931.03448 1846.15385 0.00000 2.02718
931.03448 1948.71795 0.00000 2.10125
931.03448 2051.28205 0.00000 2.70935
931.03448 2153.84615 0.00000 2.79067
931.03448 2256.41026 0.00000 3.28315
931.03448 2358.97436 0.00000 3.03021
931.03448 2461.53846 0.00000 3.58955
931.03448 2564.10256 0.00000 3.26665
931.03448 2666.66667 0.00000 2.92212
931.03448 2769.23077 0.00000 2.61747
931.03448 2871.79487 0.00000 2.31446
931.03448 2974.35897 0.00000 2.21905
931.03448 3076.92308 0.00000 1.81545
931.03448 3179.48718 0.00000 1.35897
931.03448 3282.05128 0.00000 1.09991
931.03448 3384.61538 0.00000 0.77066
931.03448 3487.17949 0.00000 1.08867
931.03448 3589.74359 0.00000 0.53583
931.03448 3692.30769 0.00000 0.38420
931.03448 3794.87179 0.00000 0.31549
931.03448 3897.43590 0.00000 0.36995
931.03448 4000.00000 0.00000 0.36606
1034.48276 0.00000 0.00000 0.10585
1034.48276 102.56410 0.00000 0.32226
1034.48276 205.12821 0.00000 0.45362
1034.48276 307.69231 0.00000 0.42497
1034.48276 410.25641 0.00000 0.16825
1034.48276 512.82051 0.00000 0.53921
1034.48276 615.38462 0.00000 -0.01285
1034.48276 717.94872 0.00000 0.38365
1034.48276 820.51282 0.00000 0.63080
1034.48276 923.07692 0.00000 0.26084
1034.48276 1025.64103 0.00000 0.72188
1034.48276 1128.20513 0.00000 0.78060
1034.48276 1230.76923 0.00000 0.88421
1034.48276 1333.33333 0.00000 1.02994
1034.48276 1435.89744 0.00000 1.26044
1034.48276 1538.46154 0.00000 1.44391
1034.48276 1641.02564 0.00000 1.79579
1034.48276 1743.58974 0.00000 1.95830
1034.48276 1846.15385 0.00000 2.59815
1034.48276 1948.71795 0.00000 2.96665
1034.48276 2051.28205 0.00000 3.11855
1034.48276 2153.84615 0.00000 3.84382
1034.48276 2256.41026 0.00000 3.90737
1034.48276 2358.97436 0.00000 4.02851
1034.48276 2461.53846 0.00000 4.36049
1034.48276 2564.10256 0.00000 4.19573
1034.48276 2666.66667 0.00000 4.12701
1034.48276 2769.23077 0.00000 3.53916
1034.48276 2871.79487 0.00000 3.56725
1034.48276 2974.35897 0.00000 2.90884
1034.48276 3076.92308 0.00000 2.17565
1034.48276 3179.48718 0.00000 1.88675
1034.48276 3282.05128 0.00000 1.86955
1034.48276 3384.61538 0.00000 1.23080
1034.48276 3487.17949 0.00000 0.85053
1034.48276 3589.74359 0.00000 0.60905
1034.48276 3692.30769 0.00000 0.42750
1034.48276 3794.87179 0.00000 0.63779
1034.48276 3897.43590 0.00000 0.35159
1034.48276 4000.00000 0.00000 0.46122
1137.93103 0.00000 0.00000 0.06459
1137.93103 102.56410 0.00000 0.06440
1137.93103 205.12821 0.00000 0.26274
1137.93103 307.69231 0.00000 0.05135
1137.93103 410.25641 0.00000 0.09982
1137.93103 512.82051 0.00000 0.05246
1137.93103 615.38462 0.00000 0.38078
1137.93103 717.94872 0.00000 0.74738
1137.93103 820.51282 0.00000 0.65026
1137.93103 923.07692 0.00000 0.86555
1137.93103 1025.64103 0.00000 0.68928
1137.93103 1128.20513 0.00000 0.84177
1137.93103 1230.76923 0.00000 1.11241
1137.93103 1333.33333 0.00000 1.35399
1137.93103 1435.89744 0.00000 1.34968
1137.93103 1538.46154 0.00000 1.57558
1137.93103 1641.02564 0.00000 1.69926
1137.93103 1743.58974 0.00000 2.08274
1137.93103 1846.15385 0.00000 2.44087
1137.93103 1948.71795 0.00000 3.13757
1137.93103 2051.28205 0.00000 4.01767
1137.93103 2153.84615 0.00000 4.60415
1137.93103 2256.41026 0.00000 4.94388
1137.93103 2358.97436 0.00000 5.29163
1137.93103 2461.53846 0.00000 5.68954
1137.93103 2564.10256 0.00000 5.50098
1137.93103 2666.66667 0.00000 5.17783
1137.93103 2769.23077 0.00000 4.76755
1137.93103 2871.79487 0.00000 4.25841
1137.93103 2974.35897 0.00000 3.40175
1137.93103 3076.92308 0.00000 3.00314
1137.93103 3179.48718 0.00000 2.23148
1137.93103 3282.05128 0.00000 1.77997
1137.93103 3384.61538 0.00000 1.50439
1137.93103 3487.17949 0.00000 0.83630
1137.93103 3589.74359 0.00000 0.96646
1137.93103 3692.30769 0.00000 0.74928
1137.93103 3794.87179 0.00000 0.46268
1137.93103 3897.43590 0.00000 0.25480
1137.93103 4000.00000 0.00000 0.20512
1241.37931 0.00000 0.00000 0.14805
1241.37931 102.56410 0.00000 0.02359
1241.37931 205.12821 0.00000 0.08614
1241.37931 307.69231 0.00000 0.39733
1241.37931 410.25641 0.00000 0.46527
1241.37931 512.82051 0.00000 0.44057
1241.37931 615.38462 0.00000 0.47707
1241.37931 717.94872 0.00000 0.83080
1241.37931 820.51282 0.00000 0.72920
1241.37931 923.07692 0.00000 0.82528
1241.37931 1025.64103 0.00000 1.30238
1241.37931 1128.20513 0.00000 1.47315
1241.37931 1230.76923 0.00000 1.50414
1241.37931 1333.33333 0.00000 1.71240
1241.37931 1435.89744 0.00000 1.82722
1241.37931 1538.46154 0.00000 1.91835
1241.37931 1641.02564 0.00000 2.07979
1241.37931 1743.58974 0.00000 2.59401
1241.37931 1846.15385 0.00000 3.23309
1241.37931 1948.71795 0.00000 3.78358
1241.37931 2051.28205 0.00000 4.49842
1241.37931 2153.84615 0.00000 5.21422
1241.37931 2256.41026 0.00000 6.03220
1241.37931 2358.97436 0.00000 6.70874
1241.37931 2461.53846 0.00000 6.51156
1241.37931 2564.10256 0.00000 6.31176
1241.37931 2666.66667 0.00000 6.33666
1241.37931 2769.23077 0.00000 5.64118
1241.37931 2871.79487 0.00000 5.02587
1241.37931 2974.35897 0.00000 4.33765
1241.37931 3076.92308 0.00000 3.57917
1241.37931 3179.48718 0.00000 2.53025
1241.37931 3282.05128 0.00000 1.94323
1241.37931 3384.61538 0.00000 1.55395
1241.37931 3487.17949 0.00000 1.02782
1241.37931 3589.74359 0.00000 0.60383
1241.37931 3692.30769 0.00000 0.51126
1241.37931 3794.87179 0.00000 0.66806
1241.37931 3897.43590 0.00000 0.32615
1241.37931 4000.00000 0.00000 0.72961
1344.82759 0.00000 0.00000 0.13056
1344.82759 102.56410 0.00000 0.66845
1344.82759 205.12821 0.00000 -0.14780
1344.82759 307.69231 0.00000 0.28354
1344.82759 410.25641 0.00000 0.19012
1344.82759 512.82051 0.00000 0.30926
1344.82759 615.38462 0.00000 0.49294
1344.82759 717.94872 0.00000 0.61049
1344.82759 820.51282 0.00000 0.86748
1344.82759 923.07692 0.00000 1.31017
1344.82759 1025.64103 0.00000 1.57262
1344.82759 1128.20513 0.00000 1.92858
1344.82759 1230.76923 0.00000 2.11907
1344.82759 1333.33333 0.00000 1.82259
1344.82759 1435.89744 0.00000 2.01437
1344.82759 1538.46154 0.00000 1.66932
1344.82759 1641.02564 0.00000 2.26491
1344.82759 1743.58974 0.00000 2.91947
1344.82759 1846.15385 0.00000 3.58234
1344.82759 1948.71795 0.00000 4.16034
1344.82759 2051.28205 0.00000 4.94346
1344.82759 2153.84615 0.00000 5.57207
1344.82759 2256.41026 0.00000 6.90635
1344.82759 2358.97436 0.00000 7.16695
1344.82759 2461.53846 0.00000 7.07685
1344.82759 2564.10256 0.00000 7.37135
1344.82759 2666.66667 0.00000 7.09552
1344.82759 2769.23077 0.00000 6.51803
1344.82759 2871.79487 0.00000 5.69649
1344.82759 2974.35897 0.00000 4.76878
1344.82759 3076.92308 0.00000 3.67201
1344.82759 3179.48718 0.00000 2.30239
1344.82759 3282.05128 0.00000 1.81591
1344.82759 3384.61538 0.00000 1.28539
1344.82759 3487.17949 0.00000 1.18779
1344.82759 3589.74359 0.00000 0.74923
1344.82759 3692.30769 0.00000 0.37720
1344.82759 3794.87179 0.00000 0.41709
1344.82759 3897.43590 0.00000 0.16943
1344.82759 4000.00000 0.00000 0.19693
1448.27586 0.00000 0.00000 0.17103
1448.27586 102.56410 0.00000 0.00917
1448.27586 205.12821 0.00000 0.29301
1448.27586 307.69231 0.00000 0.13884
1448.27586 410.25641 0.00000 0.35771
1448.27586 512.82051 0.00000 0.29023
1448.27586 615.38462 0.00000 0.41187
1448.27586 717.94872 0.00000 0.58555
1448.27586 820.51282 0.00000 1.25300
1448.27586 923.07692 0.00000 1.98232
1448.27586 1025.64103 0.00000 2.68385
1448.27586 1128.20513 0.00000 2.60337
1448.27586 1230.76923 0.00000 2.83983
1448.27586 1333.33333 0.00000 2.30450
1448.27586 1435.89744 0.00000 1.94713
1448.27586 1538.46154 0.00000 1.97056
1448.27586 1641.02564 0.00000 2.66063
1448.27586 1743.58974 0.00000 3.09806
1448.27586 1846.15385 0.00000 3.69352
1448.27586 1948.71795 0.00000 4.44674
1448.27586 2051.28205 0.00000 4.88886
1448.27586 2153.84615 0.00000 6.06971
1448.27586 2256.41026 0.00000 6.92762
1448.27586 2358.97436 0.00000 7.63164
1448.27586 2461.53846 0.00000 7.77560
1448.27586 2564.10256 0.00000 7.73946
1448.27586 2666.66667 0.00000 7.10822
1448.27586 2769.23077 0.00000 6.67777
1448.27586 2871.79487 0.00000 5.79426
1448.27586 2974.35897 0.00000 5.09389
1448.27586 3076.92308 0.00000 4.31437
1448.27586 3179.48718 0.00000 2.80252
1448.27586 3282.05128 0.00000 2.07943
1448.27586 3384.61538 0.00000 1.34013
1448.27586 3487.17949 0.00000 1.09393
1448.27586 3589.74359 0.00000 1.31927
1448.27586 3692.30769 0.00000 0.74772
1448.27586 3794.87179 0.00000 0.61436
1448.27586 3897.43590 0.00000 0.11502
1448.27586 4000.00000 0.00000 0.00449
1551.72414 0.00000 0.00000 0.18563
1551.72414 102.56410 0.00000 0.07361
1551.72414 205.12821 0.00000 0.00658
1551.72414 307.69231 0.00000 0.27722
1551.72414 410.25641 0.00000 0.39360
1551.72414 512.82051 0.00000 0.63177
1551.72414 615.38462 0.00000 0.46867
1551.72414 717.94872 0.00000 0.79229
1551.72414 820.51282 0.00000 0.98738
1551.72414 923.07692 0.00000 2.14769
1551.72414 1025.64103 0.00000 2.81344
1551.72414 1128.20513 0.00000 2.91224
1551.72414 1230.76923 0.00000 2.74102
1551.72414 1333.33333 0.00000 2.22816
1551.72414 1435.89744 0.00000 2.07990
1551.72414 1538.46154 0.00000 2.45486
1551.72414 1641.02564 0.00000 2.53376
1551.72414 1743.58974 0.00000 2.81666
1551.72414 1846.15385 0.00000 3.73348
1551.72414 1948.71795 0.00000 4.46377
1551.72414 2051.28205 0.00000 5.44325
1551.72414 2153.84615 0.00000 6.24581
1551.72414 2256.41026 0.00000 7.08434
1551.72414 2358.97436 0.00000 7.61268
1551.72414 2461.53846 0.00000 7.95033
1551.72414 2564.10256 0.00000 8.20210
1551.72414 2666.66667 0.00000 7.57271
1551.72414 2769.23077 0.00000 6.76996
1551.72414 2871.79487 0.00000 5.88701
1551.72414 2974.35897 0.00000 5.07538
1551.72414 3076.92308 0.00000 3.94646
1551.72414 3179.48718 0.00000 3.09218
1551.72414 3282.05128 0.00000 1.99518
1551.72414 3384.61538 0.00000 1.63538
1551.72414 3487.17949 0.00000 1.14133
1551.72414 3589.74359 0.00000 1.00694
1551.72414 3692.30769 0.00000 0.47201
1551.72414 3794.87179 0.00000 0.73323
1551.72414 3897.43590 0.00000 0.56288
1551.72414 4000.00000 0.00000 0.54957
1655.17241 0.00000 0.00000 -0.01913
1655.17241 102.56410 0.00000 0.25991
1655.17241 205.12821 0.00000 0.03224
1655.17241 307.69231 0.00000 0.29325
1655.17241 410.25641 0.00000 0.15470
1655.17241 512.82051 0.00000 0.28717
1655.17241 615.38462 0.00000 0.29483
1655.17241 717.94872 0.00000 0.90052
1655.17241 820.51282 0.00000 1.10134
1655.17241 923.07692 0.00000 1.74083
1655.17241 1025.64103 0.00000 2.49317
1655.17241 1128.20513 0.00000 2.41111
1655.17241 1230.76923 0.00000 2.32198
1655.17241 1333.33333 0.00000 2.42197
1655.17241 1435.89744 0.00000 1.94942
1655.17241 1538.46154 0.00000 2.28812
1655.17241 1641.02564 0.00000 2.17147
1655.17241 1743.58974 0.00000 2.78774
1655.17241 1846.15385 0.00000 3.65048
1655.17241 1948.71795 0.00000 4.20268
1655.17241 2051.28205 0.00000 5.20185
1655.17241 2153.84615 0.00000 6.18686
1655.17241 2256.41026 0.00000 6.97338
1655.17241 2358.97436 0.00000 7.46932
1655.17241 2461.53846 0.00000 7.64604
1655.17241 2564.10256 0.00000 7.69349
1655.17241 2666.66667 0.00000 7.18554
1655.17241 2769.23077 0.00000 6.65515
1655.17241 2871.79487 0.00000 5.99908
1655.17241 2974.35897 0.00000 5.23885
1655.17241 3076.92308 0.00000 3.90303
1655.17241 3179.48718 0.00000 3.09577
1655.17241 3282.05128 0.00000 2.02714
1655.17241 3384.61538 0.00000 1.81812
1655.17241 3487.17949 0.00000 0.98488
1655.17241 3589.74359 0.00000 0.92454
1655.17241 3692.30769 0.00000 0.59262
1655.17241 3794.87179 0.00000 0.55806
1655.17241 3897.43590 0.00000 0.69311
1655.17241 4000.00000 0.00000 0.34077
1758.62069 0.00000 0.00000 0.18207
1758.62069 102.56410 0.00000 0.20687
1758.62069 205.12821 0.00000 0.12072
1758.62069 307.69231 0.00000 0.20090
1758.62069 410.25641 0.00000 0.31070
1758.62069 512.82051 0.00000 0.45809
1758.62069 615.38462 0.00000 0.89829
1758.62069 717.94872 0.00000 0.33490
1758.62069 820.51282 0.00000 0.57388
1758.62069 923.07692 0.00000 1.66763
1758.62069 1025.64103 0.00000 1.78066
1758.62069 1128.20513 0.00000 1.87832
1758.62069 1230.76923 0.00000 2.00753
1758.62069 1333.33333 0.00000 1.62456
1758.62069 1435.89744 0.00000 1.89102
1758.62069 1538.46154 0.00000 2.18434
1758.62069 1641.02564 0.00000 2.09500
1758.62069 1743.58974 0.00000 2.67795
1758.62069 1846.15385 0.00000 3.15116
1758.62069 1948.71795 0.00000 4.12354
1758.62069 2051.28205 0.00000 4.98135
1758.62069 2153.84615 0.00000 5.98244
1758.62069 2256.41026 0.00000 6.67253
1758.62069 2358.97436 0.00000 7.28036
1758.62069 2461.53846 0.00000 7.14666
1758.62069 2564.10256 0.00000 7.26478
1758.62069 2666.66667 0.00000 6.87629
1758.62069 2769.23077 0.00000 6.19353
1758.62069 2871.79487 0.00000 5.53751
1758.62069 2974.35897 0.00000 4.54990
1758.62069 3076.92308 0.00000 3.51155
1758.62069 3179.48718 0.00000 2.70723
1758.62069 3282.05128 0.00000 2.12962
1758.62069 3384.61538 0.00000 1.36667
1758.62069 3487.17949 0.00000 1.35815
1758.62069 3589.74359 0.00000 1.05514
1758.62069 3692.30769 0.00000 0.62957
1758.62069 3794.87179 0.00000 0.62508
1758.62069 3897.43590 0.00000 0.05119
1758.62069 4000.00000 0.00000 0.19698
1862.06897 0.00000 0.00000 0.24568
1862.06897 102.56410 0.00000 0.06937
1862.06897 205.12821 0.00000 0.37009
1862.06897 307.69231 0.00000 0.30050
1862.06897 410.25641 0.00000 -0.04490
1862.06897 512.82051 0.00000 0.35770
1862.06897 615.38462 0.00000 0.30577
1862.06897 717.94872 0.00000 0.26321
1862.06897 820.51282 0.00000 0.77182
1862.06897 923.07692 0.00000 1.11626
1862.06897 1025.64103 0.00000 1.27223
1862.06897 1128.20513 0.00000 1.36428
1862.06897 1230.76923 0.00000 1.55541
1862.06897 1333.33333 0.00000 1.26314
1862.06897 1435.89744 0.00000 1.80280
1862.06897 1538.46154 0.00000 1.79987
1862.06897 1641.02564 0.00000 1.96985
1862.06897 1743.58974 0.00000 2.67228
1862.06897 1846.15385 0.00000 3.12317
1862.06897 1948.71795 0.00000 3.67778
1862.06897 2051.28205 0.00000 4.38760
1862.06897 2153.84615 0.00000 5.25803
1862.06897 2256.41026 0.00000 5.71266
1862.06897 2358.97436 0.00000 6.34327
1862.06897 2461.53846 0.00000 6.59666
1862.06897 2564.10256 0.00000 6.46509
1862.06897 2666.66667 0.00000 6.07089
1862.06897 2769.23077 0.00000 5.73952
1862.06897 2871.79487 0.00000 5.14715
1862.06897 2974.35897 0.00000 4.08562
1862.06897 3076.92308 0.00000 3.34319
1862.06897 3179.48718 0.00000 2.90276
1862.06897 3282.05128 0.00000 1.84733
1862.06897 3384.61538 0.00000 1.27581
1862.06897 3487.17949 0.00000 0.92240
1862.06897 3589.74359 0.00000 0.84939
1862.06897 3692.30769 0.00000 0.57434
1862.06897 3794.87179 0.00000 0.37290
1862.06897 3897.43590 0.00000 0.38738
1862.06897 4000.00000 0.00000 0.26638
1965.51724 0.00000 0.00000 0.14601
1965.51724 102.56410 0.00000 0.14564
1965.51724 205.12821 0.00000 0.27986
1965.51724 307.69231 0.00000 0.29953
1965.51724 410.25641 0.00000 0.38240
1965.51724 512.82051 0.00000 0.51297
1965.51724 615.38462 0.00000 0.54820
1965.51724 717.94872 0.00000 0.53015
1965.51724 820.51282 0.00000 0.57962
1965.51724 923.07692 0.00000 0.56480
1965.51724 1025.64103 0.00000 0.74872
1965.51724 1128.20513 0.00000 0.76041
1965.51724 1230.76923 0.00000 1.02742
1965.51724 1333.33333 0.00000 1.32869
1965.51724 1435.89744 0.00000 1.36789
1965.51724 1538.46154 0.00000 1.33694
1965.51724 1641.02564 0.00000 2.02568
1965.51724 1743.58974 0.00000 2.32495
1965.51724 1846.15385 0.00000 2.38188
1965.51724 1948.71795 0.00000 3.48765
1965.51724 2051.28205 0.00000 4.03471
1965.51724 2153.84615 0.00000 4.33336
1965.51724 2256.41026 0.00000 4.99298
1965.51724 2358.97436 0.00000 5.40350
1965.51724 2461.53846 0.00000 5.72478
1965.51724 2564.10256 0.00000 5.49530
1965.51724 2666.66667 0.00000 4.93320
1965.51724 2769.23077 0.00000 4.84242
1965.51724 2871.79487 0.00000 4.42272
1965.51724 2974.35897 0.00000 3.57477
1965.51724 3076.92308 0.00000 3.17185
1965.51724 3179.48718 0.00000 2.20940
1965.51724 3282.05128 0.00000 1.74660
1965.51724 3384.61538 0.00000 1.11478
1965.51724 3487.17949 0.00000 0.90386
1965.51724 3589.74359 0.00000 0.49532
1965.51724 3692.30769 0.00000 0.55946
1965.51724 3794.87179 0.00000 0.38086
1965.51724 3897.43590 0.00000 0.63872
1965.51724 4000.00000 0.00000 -0.08732
2068.96552 0.00000 0.00000 0.09544
2068.96552 102.56410 0.00000 -0.13153
2068.96552 205.12821 0.00000 0.31590
2068.96552 307.69231 0.00000 0.35174
2068.96552 410.25641 0.00000 0.25924
2068.96552 512.82051 0.00000 0.32214
2068.96552 615.38462 0.00000 0.40116
2068.96552 717.94872 0.00000 0.79753
2068.96552 820.51282 0.00000 0.28080
2068.96552 923.07692 0.00000 0.69780
2068.96552 1025.64103 0.00000 0.81151
2068.96552 1128.20513 0.00000 0.77586
2068.96552 1230.76923 0.00000 0.92526
2068.96552 1333.33333 0.00000 1.00451
2068.96552 1435.89744 0.00000 1.53493
2068.96552 1538.46154 0.00000 1.23848
2068.96552 1641.02564 0.00000 1.59124
2068.96552 1743.58974 0.00000 2.02664
2068.96552 1846.15385 0.00000 2.20635
2068.96552 1948.71795 0.00000 2.79453
2068.96552 2051.28205 0.00000 3.17484
2068.96552 2153.84615 0.00000 3.71394
2068.96552 2256.41026 0.00000 4.13379
2068.96552 2358.97436 0.00000 4.17258
2068.96552 2461.53846 0.00000 4.36901
2068.96552 2564.10256 0.00000 4.13740
2068.96552 2666.66667 0.00000 3.85632
2068.96552 2769.23077 0.00000 3.95747
2068.96552 2871.79487 0.00000 3.26807
2068.96552 2974.35897 0.00000 2.91879
2068.96552 3076.92308 0.00000 2.33039
2068.96552 3179.48718 0.00000 1.76901
2068.96552 3282.05128 0.00000 1.25338
2068.96552 3384.61538 0.00000 1.10160
2068.96552 3487.17949 0.00000 0.86273
2068.96552 3589.74359 0.00000 0.70552
2068.96552 3692.30769 0.00000 0.19562
2068.96552 3794.87179 0.00000 0.26995
2068.96552 3897.43590 0.00000 0.47521
2068.96552 4000.00000 0.00000 0.25754
2172.41379 0.00000 0.00000 0.14607
2172.41379 102.56410 0.00000 0.28248
2172.41379 205.12821 0.00000 0.10908
2172.41379 307.69231 0.00000 0.22091
2172.41379 410.25641 0.00000 0.24225
2172.41379 512.82051 0.00000 0.28700
2172.41379 615.38462 0.00000 0.23526
2172.41379 717.94872 0.00000 0.47152
2172.41379 820.51282 0.00000 0.32597
2172.41379 923.07692 0.00000 0.07775
2172.41379 1025.64103 0.00000 0.71583
2172.41379 1128.20513 0.00000 0.82904
2172.41379 1230.76923 0.00000 0.78866
2172.41379 1333.33333 0.00000 0.65337
2172.41379 1435.89744 0.00000 1.15814
2172.41379 1538.46154 0.00000 1.12853
2172.41379 1641.02564 0.00000 1.53517
2172.41379 1743.58974 0.00000 1.62890
2172.41379 1846.15385 0.00000 1.66947
2172.41379 1948.71795 0.00000 2.23807
2172.41379 2051.28205 0.00000 2.63528
2172.41379 2153.84615 0.00000 2.98645
2172.41379 2256.41026 0.00000 3.31878
2172.41379 2358.97436 0.00000 3.11325
2172.41379 2461.53846 0.00000 3.12899
2172.41379 2564.10256 0.00000 3.21611
2172.41379 2666.66667 0.00000 2.93805
2172.41379 2769.23077 0.00000 2.75308
2172.41379 2871.79487 0.00000 2.64997
2172.41379 2974.35897 0.00000 1.95192
2172.41379 3076.92308 0.00000 2.00148
2172.41379 3179.48718 0.00000 1.65438
2172.41379 3282.05128 0.00000 0.93207
2172.41379 3384.61538 0.00000 0.95876
2172.41379 3487.17949 0.00000 0.56518
2172.41379 3589.74359 0.00000 0.49076
2172.41379 3692.30769 0.00000 0.48260
2172.41379 3794.87179 0.00000 0.52401
2172.41379 3897.43590 0.00000 0.04906
2172.41379 4000.00000 0.00000 0.22638
2275.86207 0.00000 0.00000 0.12588
2275.86207 102.56410 0.00000 0.12809
2275.86207 205.12821 0.00000 0.21013
2275.86207 307.69231 0.00000 0.41232
2275.86207 410.25641 0.00000 0.14294
2275.86207 512.82051 0.00000 0.01875
2275.86207 615.38462 0.00000 0.40119
2275.86207 717.94872 0.00000 0.43539
2275.86207 820.51282 0.00000 0.51436
2275.86207 923.07692 0.00000 0.48196
2275.86207 1025.64103 0.00000 0.58286
2275.86207 1128.20513 0.00000 0.52927
2275.86207 1230.76923 0.00000 0.81913
2275.86207 1333.33333 0.00000 0.72461
2275.86207 1435.89744 0.00000 0.87736
2275.86207 1538.46154 0.00000 0.64590
2275.86207 1641.02564 0.00000 1.01829
2275.86207 1743.58974 0.00000 1.64729
2275.86207 1846.15385 0.00000 1.41934
2275.86207 1948.71795 0.00000 1.86304
2275.86207 2051.28205 0.00000 1.91498
2275.86207 2153.84615 0.00000 2.10964
2275.86207 2256.41026 0.00000 2.36615
2275.86207 2358.97436 0.00000 2.52716
2275.86207 2461.53846 0.00000 2.50477
2275.86207 2564.10256 0.00000 2.40097
2275.86207 2666.66667 0.00000 2.01514
2275.86207 2769.23077 0.00000 2.00661
2275.86207 2871.79487 0.00000 1.78667
2275.86207 2974.35897 0.00000 1.50469
2275.86207 3076.92308 0.00000 1.46115
2275.86207 3179.48718 0.00000 0.82266
2275.86207 3282.05128 0.00000 0.92998
2275.86207 3384.61538 0.00000 0.54521
2275.86207 3487.17949 0.00000 0.40200
2275.86207 3589.74359 0.00000 0.23395
2275.86207 3692.30769 0.00000 0.15553
2275.86207 3794.87179 0.00000 0.21509
2275.86207 3897.43590 0.00000 0.11165
2275.86207 4000.00000 0.00000 0.09189
2379.31034 0.00000 0.00000 0.01669
2379.31034 102.56410 0.00000 0.29471
2379.31034 205.12821 0.00000 0.13035
2379.31034 307.69231 0.00000 -0.01647
2379.31034 410.25641 0.00000 0.25703
2379.31034 512.82051 0.00000 0.00181
2379.31034 615.38462 0.00000 0.22699
2379.31034 717.94872 0.00000 0.38098
2379.31034 820.51282 0.00000 0.35492
2379.31034 923.07692 0.00000 0.47892
2379.31034 1025.64103 0.00000 0.32251
2379.31034 1128.20513 0.00000 0.34606
2379.31034 1230.76923 0.00000 0.35594
2379.31034 1333.33333 0.00000 0.75990
2379.31034 1435.89744 0.00000 0.73929
2379.31034 1538.46154 0.00000 0.99325
2379.31034 1641.02564 0.00000 0.75492
2379.31034 1743.58974 0.00000 1.15038
2379.31034 1846.15385 0.00000 1.45733
2379.31034 1948.71795 0.00000 1.48364
2379.31034 2051.28205 0.00000 1.75410
2379.31034 2153.84615 0.00000 1.62462
2379.31034 2256.41026 0.00000 1.78254
2379.31034 2358.97436 0.00000 1.75353
2379.31034 2461.53846 0.00000 1.74089
2379.31034 2564.10256 0.00000 1.65139
2379.31034 2666.66667 0.00000 1.65657
2379.31034 2769.23077 0.00000 1.77469
2379.31034 2871.79487 0.00000 1.26578
2379.31034 2974.35897 0.00000 1.25984
2379.31034 3076.92308 0.00000 0.75563
2379.31034 3179.48718 0.00000 1.03377
2379.31034 3282.05128 0.00000 0.85016
2379.31034 3384.61538 0.00000 0.77587
2379.31034 3487.17949 0.00000 0.65379
2379.31034 3589.74359 0.00000 0.68208
2379.31034 3692.30769 0.00000 0.38618
2379.31034 3794.87179 0.00000 0.36935
2379.31034 3897.43590 0.00000 0.27986
2379.31034 4000.00000 0.00000 0.34177
2482.75862 0.00000 0.00000 0.17284
2482.75862 102.56410 0.00000 0.09368
2482.75862 205.12821 0.00000 0.25559
2482.75862 307.69231 0.00000 0.33433
2482.75862 410.25641 0.00000 0.25897
2482.75862 512.82051 0.00000 0.23043
2482.75862 615.38462 0.00000 0.19445
2482.75862 717.94872 0.00000 0.13857
2482.75862 820.51282 0.00000 0.03375
2482.75862 923.07692 0.00000 0.20234
2482.75862 1025.64103 0.00000 0.35156
2482.75862 1128.20513 0.00000 0.42341
2482.75862 1230.76923 0.00000 0.53925
2482.75862 1333.33333 0.00000 0.80820
2482.75862 1435.89744 0.00000 0.81460
2482.75862 1538.46154 0.00000 0.61433
2482.75862 1641.02564 0.00000 0.67244
2482.75862 1743.58974 0.00000 1.05791
2482.75862 1846.15385 0.00000 0.69101
2482.75862 1948.71795 0.00000 1.03901
2482.75862 2051.28205 0.00000 1.27084
2482.75862 2153.84615 0.00000 1.42622
2482.75862 2256.41026 0.00000 1.41758
2482.75862 2358.97436 0.00000 1.48403
2482.75862 2461.53846 0.00000 1.37338
2482.75862 2564.10256 0.00000 1.39343
2482.75862 2666.66667 0.00000 1.61349
2482.75862 2769.23077 0.00000 1.26677
2482.75862 2871.79487 0.00000 1.16193
2482.75862 2974.35897 0.00000 0.94795
2482.75862 3076.92308 0.00000 0.99187
2482.75862 3179.48718 0.00000 0.99031
2482.75862 3282.05128 0.00000 0.70624
2482.75862 3384.61538 0.00000 0.70178
2482.75862 3487.17949 0.00000 0.66416
2482.75862 3589.74359 0.00000 0.53260
2482.75862 3692.30769 0.00000 0.47091
2482.75862 3794.87179 0.00000 0.36739
2482.75862 3897.43590 0.00000 0.35451
2482.75862 4000.00000 0.00000 0.24444
2586.20690 0.00000 0.00000 0.18721
2586.20690 102.56410 0.00000 0.02429
2586.20690 205.12821 0.00000 0.13326
2586.20690 307.69231 0.00000 0.41345
2586.20690 410.25641 0.00000 0.32320
2586.20690 512.82051 0.00000 0.16838
2586.20690 615.38462 0.00000 0.15664
2586.20690 717.94872 0.00000 0.08971
2586.20690 820.51282 0.00000 0.11118
2586.20690 923.07692 0.00000 0.21058
2586.20690 1025.64103 0.00000 0.46121
2586.20690 1128.20513 0.00000 0.42524
2586.20690 1230.76923 0.00000 0.62311
2586.20690 1333.33333 0.00000 0.54598
2586.20690 1435.89744 0.00000 0.58456
2586.20690 1538.46154 0.00000 0.65817
2586.20690 1641.02564 0.00000 0.53623
2586.20690 1743.58974 0.00000 0.82875
2586.20690 1846.15385 0.00000 0.83850
2586.20690 1948.71795 0.00000 1.16485
2586.20690 2051.28205 0.00000 1.04489
2586.20690 2153.84615 0.00000 0.81729
2586.20690 2256.41026 0.00000 1.09956
2586.20690 2358.97436 0.00000 1.17612
2586.20690 2461.53846 0.00000 0.77207
2586.20690 2564.10256 0.00000 0.72493
2586.20690 2666.66667 0.00000 0.94017
2586.20690 2769.23077 0.00000 1.05612
2586.20690 2871.79487 0.00000 0.96645
2586.20690 2974.35897 0.00000 0.81439
2586.20690 3076.92308 0.00000 0.79479
2586.20690 3179.48718 0.00000 0.49269
2586.20690 3282.05128 0.00000 0.61418
2586.20690 3384.61538 0.00000 0.62965
2586.20690 3487.17949 0.00000 0.30907
2586.20690 3589.74359 0.00000 0.46999
2586.20690 3692.30769 0.00000 0.56168
2586.20690 3794.87179 0.00000 0.17161
2586.20690 3897.43590 0.00000 0.18615
2586.20690 4000.00000 0.00000 0.44771
2689.65517 0.00000 0.00000 0.01958
2689.65517 102.56410 0.00000 0.19571
2689.65517 205.12821 0.00000 -0.00870
2689.65517 307.69231 0.00000 0.28161
2689.65517 410.25641 0.00000 0.02009
2689.65517 512.82051 0.00000 0.13940
2689.65517 615.38462 0.00000 0.13005
2689.65517 717.94872 0.00000 0.17209
2689.65517 820.51282 0.00000 0.17973
2689.65517 923.07692 0.00000 0.32290
2689.65517 1025.64103 0.00000 0.20110
2689.65517 1128.20513 0.00000 0.06613
2689.65517 1230.76923 0.00000 0.44623
2689.65517 1333.33333 0.00000 0.75175
2689.65517 1435.89744 0.00000 0.58339
2689.65517 1538.46154 0.00000 0.55060
2689.65517 1641.02564 0.00000 1.11006
2689.65517 1743.58974 0.00000 0.96884
2689.65517 1846.15385 0.00000 0.69360
2689.65517 1948.71795 0.00000 0.63622
2689.65517 2051.28205 0.00000 0.81996
2689.65517 2153.84615 0.00000 0.84524
2689.65517 2256.41026 0.00000 0.52540
2689.65517 2358.97436 0.00000 0.84333
2689.65517 2461.53846 0.00000 0.77323
2689.65517 2564.10256 0.00000 0.84938
2689.65517 2666.66667 0.00000 0.79630
2689.65517 2769.23077 0.00000 0.51719
2689.65517 2871.79487 0.00000 0.64821
2689.65517 2974.35897 0.00000 1.04088
2689.65517 3076.92308 0.00000 0.77653
2689.65517 3179.48718 0.00000 0.67548
2689.65517 3282.05128 0.00000 0.70808
2689.65517 3384.61538 0.00000 0.34362
2689.65517 3487.17949 0.00000 0.39679
2689.65517 3589.74359 0.00000 0.44646
2689.65517 3692.30769 0.00000 0.33517
2689.65517 3794.87179 0.00000 0.20442
2689.65517 3897.43590 0.00000 -0.03919
2689.65517 4000.00000 0.00000 0.13569
2793.10345 0.00000 0.00000 0.34916
2793.10345 102.56410 0.00000 0.06349
2793.10345 205.12821 0.00000 -0.00112
2793.10345 307.69231 0.00000 -0.00295
2793.10345 410.25641 0.00000 0.28759
2793.10345 512.82051 0.00000 0.03703
2793.10345 615.38462 0.00000 0.15411
2793.10345 717.94872 0.00000 0.05796
2793.10345 820.51282 0.00000 0.21491
2793.10345 923.07692 0.00000 0.34025
2793.10345 1025.64103 0.00000 0.54856
2793.10345 1128.20513 0.00000 0.37692
2793.10345 1230.76923 0.00000 0.39764
2793.10345 1333.33333 0.00000 0.46557
2793.10345 1435.89744 0.00000 0.57452
2793.10345 1538.46154 0.00000 0.37843
2793.10345 1641.02564 0.00000 0.64085
2793.10345 1743.58974 0.00000 0.34537
2793.10345 1846.15385 0.00000 0.93965
2793.10345 1948.71795 0.00000 0.37358
2793.10345 2051.28205 0.00000 0.51369
2793.10345 2153.84615 0.00000 0.65100
2793.10345 2256.41026 0.00000 0.43327
2793.10345 2358.97436 0.00000 0.37321
2793.10345 2461.53846 0.00000 0.76511
2793.10345 2564.10256 0.00000 0.55485
2793.10345 2666.66667 0.00000 0.68107
2793.10345 2769.23077 0.00000 0.88251
2793.10345 2871.79487 0.00000 0.30097
2793.10345 2974.35897 0.00000 0.34112
2793.10345 3076.92308 0.00000 0.37160
2793.10345 3179.48718 0.00000 0.43007
2793.10345 3282.05128 0.00000 0.18279
2793.10345 3384.61538 0.00000 0.25170
2793.10345 3487.17949 0.00000 0.26159
2793.10345 3589.74359 0.00000 0.33855
2793.10345 3692.30769 0.00000 0.43047
2793.10345 3794.87179 0.00000 0.06188
2793.10345 3897.43590 0.00000 0.23165
2793.10345 4000.00000 0.00000 -0.02074
2896.55172 0.00000 0.00000 0.23209
2896.55172 102.56410 0.00000 0.12761
2896.55172 205.12821 0.00000 0.05849
2896.55172 307.69231 0.00000 0.01244
2896.55172 410.25641 0.00000 0.23648
2896.55172 512.82051 0.00000 0.18251
2896.55172 615.38462 0.00000 0.35525
2896.55172 717.94872 0.00000 0.14039
2896.55172 820.51282 0.00000 0.18182
2896.55172 923.07692 0.00000 -0.39066
2896.55172 1025.64103 0.00000 0.28841
2896.55172 1128.20513 0.00000 0.07408
2896.55172 1230.76923 0.00000 0.28213
2896.55172 1333.33333 0.00000 0.64643
2896.55172 1435.89744 0.00000 0.20414
2896.55172 1538.46154 0.00000 0.21086
2896.55172 1641.02564 0.00000 0.56012
2896.55172 1743.58974 0.00000 0.52873
2896.55172 1846.15385 0.00000 0.32915
2896.55172 1948.71795 0.00000 0.55450
2896.55172 2051.28205 0.00000 0.66745
2896.55172 2153.84615 0.00000 0.63866
2896.55172 2256.41026 0.00000 0.54722
2896.55172 2358.97436 0.00000 0.54723
2896.55172 2461.53846 0.00000 0.41163
2896.55172 2564.10256 0.00000 0.38064
2896.55172 2666.66667 0.00000 0.40674
2896.55172 2769.23077 0.00000 0.34080
2896.55172 2871.79487 0.00000 0.20694
2896.55172 2974.35897 0.00000 0.42491
2896.55172 3076.92308 0.00000 0.78848
2896.55172 3179.48718 0.00000 0.37087
2896.55172 3282.05128 0.00000 0.49396
2896.55172 3384.61538 0.00000 0.26160
2896.55172 3487.17949 0.00000 -0.07718
2896.55172 3589.74359 0.00000 0.40651
2896.55172 3692.30769 0.00000 0.11983
2896.55172 3794.87179 0.00000 0.07990
2896.55172 3897.43590 0.00000 0.20919
2896.55172 4000.00000 0.00000 0.39377
3000.00000 0.00000 0.00000 0.10069
3000.00000 102.56410 0.00000 0.10259
3000.00000 205.12821 0.00000 0.27513
3000.00000 307.69231 0.00000 -0.02809
3000.00000 410.25641 0.00000 -0.15311
3000.00000 512.82051 0.00000 0.09746
3000.00000 615.38462 0.00000 -0.01233
3000.00000 717.94872 0.00000 0.11966
3000.00000 820.51282 0.00000 -0.11402
3000.00000 923.07692 0.00000 0.51170
3000.00000 1025.64103 0.00000 0.26099
3000.00000 1128.20513 0.00000 -0.06286
3000.00000 1230.76923 0.00000 0.36475
3000.00000 1333.33333 0.00000 0.31884
3000.00000 1435.89744 0.00000 0.46267
3000.00000 1538.46154 0.00000 0.23111
3000.00000 1641.02564 0.00000 0.29738
3000.00000 1743.58974 0.00000 0.20688
3000.00000 1846.15385 0.00000 0.41031
3000.00000 1948.71795 0.00000 0.71838
3000.00000 2051.28205 0.00000 0.40011
3000.00000 2153.84615 0.00000 0.02498
3000.00000 2256.41026 0.00000 0.51333
3000.00000 2358.97436 0.00000 0.44057
3000.00000 2461.53846 0.00000 0.68901
3000.00000 2564.10256 0.00000 0.59003
3000.00000 2666.66667 0.00000 0.21212
3000.00000 2769.23077 0.00000 0.32054
3000.00000 2871.79487 0.00000 0.64375
3000.00000 2974.35897 0.00000 0.53894
3000.00000 3076.92308 0.00000 0.13820
3000.00000 3179.48718 0.00000 0.19211
3000.00000 3282.05128 0.00000 0.45284
3000.00000 3384.61538 0.00000 0.26210
3000.00000 3487.17949 0.00000 0.19802
3000.00000 3589.74359 0.00000 0.26373
3000.00000 3692.30769 0.00000 0.31211
3000.00000 3794.87179 0.00000 0.17369
3000.00000 3897.43590 0.00000 0.25626
3000.00000 4000.00000 0.00000 0.13503
