0.00 0.00 0.00 0.84
0.00 206.90 0.00 1.30
0.00 413.79 0.00 1.33
0.00 620.69 0.00 1.42
0.00 827.59 0.00 1.55
0.00 1034.48 0.00 1.78
0.00 1241.38 0.00 1.95
0.00 1448.28 0.00 1.95
0.00 1655.17 0.00 1.92
0.00 1862.07 0.00 2.19
0.00 2068.97 0.00 2.39
0.00 2275.86 0.00 2.47
0.00 2482.76 0.00 2.69
0.00 2689.66 0.00 2.53
0.00 2896.55 0.00 2.52
0.00 3103.45 0.00 2.51
0.00 3310.34 0.00 2.61
0.00 3517.24 0.00 2.60
0.00 3724.14 0.00 2.37
0.00 3931.03 0.00 2.24
0.00 4137.93 0.00 2.23
0.00 4344.83 0.00 2.14
0.00 4551.72 0.00 2.15
0.00 4758.62 0.00 1.92
0.00 4965.52 0.00 1.63
0.00 5172.41 0.00 1.32
0.00 5379.31 0.00 1.29
0.00 5586.21 0.00 1.26
0.00 5793.10 0.00 1.35
0.00 6000.00 0.00 1.01
206.90 0.00 0.00 1.00
206.90 206.90 0.00 1.23
206.90 413.79 0.00 1.36
206.90 620.69 0.00 1.47
206.90 827.59 0.00 1.46
206.90 1034.48 0.00 1.77
206.90 1241.38 0.00 1.88
206.90 1448.28 0.00 2.11
206.90 1655.17 0.00 2.11
206.90 1862.07 0.00 2.22
206.90 2068.97 0.00 2.66
206.90 2275.86 0.00 2.79
206.90 2482.76 0.00 2.93
206.90 2689.66 0.00 2.74
206.90 2896.55 0.00 2.90
206.90 3103.45 0.00 3.17
206.90 3310.34 0.00 3.10
206.90 3517.24 0.00 2.70
206.90 3724.14 0.00 3.00
206.90 3931.03 0.00 2.70
206.90 4137.93 0.00 2.39
206.90 4344.83 0.00 2.42
206.90 4551.72 0.00 2.28
206.90 4758.62 0.00 2.16
206.90 4965.52 0.00 1.56
206.90 5172.41 0.00 1.58
206.90 5379.31 0.00 1.53
206.90 5586.21 0.00 1.39
206.90 5793.10 0.00 1.06
206.90 6000.00 0.00 1.07
413.79 0.00 0.00 1.00
413.79 206.90 0.00 1.59
413.79 413.79 0.00 1.34
413.79 620.69 0.00 1.57
413.79 827.59 0.00 1.69
413.79 1034.48 0.00 1.77
413.79 1241.38 0.00 2.10
413.79 1448.28 0.00 2.57
413.79 1655.17 0.00 2.52
413.79 1862.07 0.00 2.76
413.79 2068.97 0.00 3.21
413.79 2275.86 0.00 3.20
413.79 2482.76 0.00 3.41
413.79 2689.66 0.00 3.30
413.79 2896.55 0.00 3.39
413.79 3103.45 0.00 3.48
413.79 3310.34 0.00 3.56
413.79 3517.24 0.00 3.28
413.79 3724.14 0.00 3.18
413.79 3931.03 0.00 3.25
413.79 4137.93 0.00 3.00
413.79 4344.83 0.00 2.49
413.79 4551.72 0.00 2.40
413.79 4758.62 0.00 2.23
413.79 4965.52 0.00 2.02
413.79 5172.41 0.00 1.88
413.79 5379.31 0.00 1.49
413.79 5586.21 0.00 1.45
413.79 5793.10 0.00 1.37
413.79 6000.00 0.00 1.15
620.69 0.00 0.00 1.43
620.69 206.90 0.00 1.50
620.69 413.79 0.00 1.34
620.69 620.69 0.00 1.51
620.69 827.59 0.00 1.85
620.69 1034.48 0.00 2.04
620.69 1241.38 0.00 2.28
620.69 1448.28 0.00 2.42
620.69 1655.17 0.00 3.01
620.69 1862.07 0.00 3.11
620.69 2068.97 0.00 3.69
620.69 2275.86 0.00 3.86
620.69 2482.76 0.00 3.70
620.69 2689.66 0.00 4.06
620.69 2896.55 0.00 4.08
620.69 3103.45 0.00 3.90
620.69 3310.34 0.00 3.98
620.69 3517.24 0.00 3.99
620.69 3724.14 0.00 3.80
620.69 3931.03 0.00 3.48
620.69 4137.93 0.00 3.17
620.69 4344.83 0.00 2.83
620.69 4551.72 0.00 2.64
620.69 4758.62 0.00 2.36
620.69 4965.52 0.00 2.11
620.69 5172.41 0.00 1.72
620.69 5379.31 0.00 1.80
620.69 5586.21 0.00 1.55
620.69 5793.10 0.00 1.55
620.69 6000.00 0.00 1.12
827.59 0.00 0.00 1.30
827.59 206.90 0.00 1.64
827.59 413.79 0.00 1.73
827.59 620.69 0.00 1.92
827.59 827.59 0.00 1.92
827.59 1034.48 0.00 2.42
827.59 1241.38 0.00 2.46
827.59 1448.28 0.00 2.85
827.59 1655.17 0.00 3.19
827.59 1862.07 0.00 3.87
827.59 2068.97 0.00 4.22
827.59 2275.86 0.00 4.24
827.59 2482.76 0.00 4.52
827.59 2689.66 0.00 4.72
827.59 2896.55 0.00 4.59
827.59 3103.45 0.00 4.92
827.59 3310.34 0.00 4.61
827.59 3517.24 0.00 4.27
827.59 3724.14 0.00 4.14
827.59 3931.03 0.00 4.00
827.59 4137.93 0.00 3.58
827.59 4344.83 0.00 3.30
827.59 4551.72 0.00 3.13
827.59 4758.62 0.00 2.68
827.59 4965.52 0.00 2.48
827.59 5172.41 0.00 2.13
827.59 5379.31 0.00 1.83
827.59 5586.21 0.00 1.55
827.59 5793.10 0.00 1.60
827.59 6000.00 0.00 1.54
1034.48 0.00 0.00 1.55
1034.48 206.90 0.00 1.63
1034.48 413.79 0.00 1.65
1034.48 620.69 0.00 1.77
1034.48 827.59 0.00 2.23
1034.48 1034.48 0.00 2.48
1034.48 1241.38 0.00 2.78
1034.48 1448.28 0.00 3.03
1034.48 1655.17 0.00 3.61
1034.48 1862.07 0.00 4.12
1034.48 2068.97 0.00 4.55
1034.48 2275.86 0.00 5.12
1034.48 2482.76 0.00 5.15
1034.48 2689.66 0.00 5.38
1034.48 2896.55 0.00 5.17
1034.48 3103.45 0.00 5.22
1034.48 3310.34 0.00 5.04
1034.48 3517.24 0.00 4.81
1034.48 3724.14 0.00 4.71
1034.48 3931.03 0.00 4.40
1034.48 4137.93 0.00 3.72
1034.48 4344.83 0.00 3.77
1034.48 4551.72 0.00 3.22
1034.48 4758.62 0.00 2.89
1034.48 4965.52 0.00 2.62
1034.48 5172.41 0.00 2.11
1034.48 5379.31 0.00 2.06
1034.48 5586.21 0.00 1.61
1034.48 5793.10 0.00 1.57
1034.48 6000.00 0.00 1.78
1241.38 0.00 0.00 1.55
1241.38 206.90 0.00 1.75
1241.38 413.79 0.00 1.74
1241.38 620.69 0.00 1.93
1241.38 827.59 0.00 2.25
1241.38 1034.48 0.00 2.43
1241.38 1241.38 0.00 2.92
1241.38 1448.28 0.00 3.53
1241.38 1655.17 0.00 4.16
1241.38 1862.07 0.00 4.51
1241.38 2068.97 0.00 5.44
1241.38 2275.86 0.00 5.81
1241.38 2482.76 0.00 5.68
1241.38 2689.66 0.00 5.55
1241.38 2896.55 0.00 5.91
1241.38 3103.45 0.00 5.64
1241.38 3310.34 0.00 5.26
1241.38 3517.24 0.00 5.14
1241.38 3724.14 0.00 4.98
1241.38 3931.03 0.00 4.57
1241.38 4137.93 0.00 4.16
1241.38 4344.83 0.00 3.96
1241.38 4551.72 0.00 3.25
1241.38 4758.62 0.00 3.21
1241.38 4965.52 0.00 2.84
1241.38 5172.41 0.00 2.33
1241.38 5379.31 0.00 2.21
1241.38 5586.21 0.00 1.84
1241.38 5793.10 0.00 1.67
1241.38 6000.00 0.00 1.32
1448.28 0.00 0.00 1.55
1448.28 206.90 0.00 1.86
1448.28 413.79 0.00 1.97
1448.28 620.69 0.00 2.00
1448.28 827.59 0.00 2.37
1448.28 1034.48 0.00 2.94
1448.28 1241.38 0.00 3.07
1448.28 1448.28 0.00 3.59
1448.28 1655.17 0.00 3.97
1448.28 1862.07 0.00 4.99
1448.28 2068.97 0.00 5.70
1448.28 2275.86 0.00 6.02
1448.28 2482.76 0.00 5.96
1448.28 2689.66 0.00 6.00
1448.28 2896.55 0.00 5.94
1448.28 3103.45 0.00 5.81
1448.28 3310.34 0.00 5.61
1448.28 3517.24 0.00 5.56
1448.28 3724.14 0.00 5.26
1448.28 3931.03 0.00 5.02
1448.28 4137.93 0.00 4.17
1448.28 4344.83 0.00 4.01
1448.28 4551.72 0.00 3.42
1448.28 4758.62 0.00 2.85
1448.28 4965.52 0.00 2.69
1448.28 5172.41 0.00 2.22
1448.28 5379.31 0.00 2.09
1448.28 5586.21 0.00 1.87
1448.28 5793.10 0.00 1.60
1448.28 6000.00 0.00 1.72
1655.17 0.00 0.00 1.64
1655.17 206.90 0.00 1.90
1655.17 413.79 0.00 2.15
1655.17 620.69 0.00 2.39
1655.17 827.59 0.00 2.72
1655.17 1034.48 0.00 3.13
1655.17 1241.38 0.00 3.29
1655.17 1448.28 0.00 3.82
1655.17 1655.17 0.00 4.36
1655.17 1862.07 0.00 5.34
1655.17 2068.97 0.00 5.86
1655.17 2275.86 0.00 6.23
1655.17 2482.76 0.00 6.38
1655.17 2689.66 0.00 6.34
1655.17 2896.55 0.00 5.94
1655.17 3103.45 0.00 5.87
1655.17 3310.34 0.00 5.53
1655.17 3517.24 0.00 5.59
1655.17 3724.14 0.00 5.10
1655.17 3931.03 0.00 4.68
1655.17 4137.93 0.00 4.45
1655.17 4344.83 0.00 3.87
1655.17 4551.72 0.00 3.79
1655.17 4758.62 0.00 3.12
1655.17 4965.52 0.00 2.74
1655.17 5172.41 0.00 2.21
1655.17 5379.31 0.00 2.17
1655.17 5586.21 0.00 1.78
1655.17 5793.10 0.00 1.69
1655.17 6000.00 0.00 1.42
1862.07 0.00 0.00 1.46
1862.07 206.90 0.00 1.64
1862.07 413.79 0.00 1.86
1862.07 620.69 0.00 2.15
1862.07 827.59 0.00 2.79
1862.07 1034.48 0.00 2.91
1862.07 1241.38 0.00 3.42
1862.07 1448.28 0.00 4.07
1862.07 1655.17 0.00 4.51
1862.07 1862.07 0.00 5.60
1862.07 2068.97 0.00 5.66
1862.07 2275.86 0.00 6.40
1862.07 2482.76 0.00 6.40
1862.07 2689.66 0.00 6.24
1862.07 2896.55 0.00 5.96
1862.07 3103.45 0.00 5.71
1862.07 3310.34 0.00 5.67
1862.07 3517.24 0.00 5.01
1862.07 3724.14 0.00 5.09
1862.07 3931.03 0.00 4.55
1862.07 4137.93 0.00 4.11
1862.07 4344.83 0.00 3.73
1862.07 4551.72 0.00 3.51
1862.07 4758.62 0.00 2.91
1862.07 4965.52 0.00 2.85
1862.07 5172.41 0.00 2.58
1862.07 5379.31 0.00 2.15
1862.07 5586.21 0.00 1.94
1862.07 5793.10 0.00 1.54
1862.07 6000.00 0.00 1.63
2068.97 0.00 0.00 1.65
2068.97 206.90 0.00 1.77
2068.97 413.79 0.00 2.02
2068.97 620.69 0.00 2.34
2068.97 827.59 0.00 2.63
2068.97 1034.48 0.00 3.17
2068.97 1241.38 0.00 3.63
2068.97 1448.28 0.00 3.94
2068.97 1655.17 0.00 4.77
2068.97 1862.07 0.00 5.34
2068.97 2068.97 0.00 5.95
2068.97 2275.86 0.00 6.44
2068.97 2482.76 0.00 6.31
2068.97 2689.66 0.00 6.27
2068.97 2896.55 0.00 6.18
2068.97 3103.45 0.00 5.55
2068.97 3310.34 0.00 5.53
2068.97 3517.24 0.00 5.21
2068.97 3724.14 0.00 5.19
2068.97 3931.03 0.00 4.49
2068.97 4137.93 0.00 4.32
2068.97 4344.83 0.00 3.84
2068.97 4551.72 0.00 3.24
2068.97 4758.62 0.00 3.01
2068.97 4965.52 0.00 3.03
2068.97 5172.41 0.00 2.75
2068.97 5379.31 0.00 2.20
2068.97 5586.21 0.00 2.04
2068.97 5793.10 0.00 1.81
2068.97 6000.00 0.00 1.89
2275.86 0.00 0.00 1.59
2275.86 206.90 0.00 1.85
2275.86 413.79 0.00 2.29
2275.86 620.69 0.00 2.38
2275.86 827.59 0.00 2.98
2275.86 1034.48 0.00 3.09
2275.86 1241.38 0.00 3.74
2275.86 1448.28 0.00 4.22
2275.86 1655.17 0.00 4.84
2275.86 1862.07 0.00 5.57
2275.86 2068.97 0.00 6.09
2275.86 2275.86 0.00 6.76
2275.86 2482.76 0.00 6.47
2275.86 2689.66 0.00 6.21
2275.86 2896.55 0.00 5.91
2275.86 3103.45 0.00 5.57
2275.86 3310.34 0.00 5.47
2275.86 3517.24 0.00 5.25
2275.86 3724.14 0.00 4.90
2275.86 3931.03 0.00 4.34
2275.86 4137.93 0.00 4.18
2275.86 4344.83 0.00 3.54
2275.86 4551.72 0.00 3.62
2275.86 4758.62 0.00 3.03
2275.86 4965.52 0.00 2.70
2275.86 5172.41 0.00 2.61
2275.86 5379.31 0.00 2.11
2275.86 5586.21 0.00 1.98
2275.86 5793.10 0.00 1.82
2275.86 6000.00 0.00 1.60
2482.76 0.00 0.00 1.58
2482.76 206.90 0.00 2.19
2482.76 413.79 0.00 2.09
2482.76 620.69 0.00 2.48
2482.76 827.59 0.00 2.91
2482.76 1034.48 0.00 3.29
2482.76 1241.38 0.00 3.91
2482.76 1448.28 0.00 4.35
2482.76 1655.17 0.00 5.03
2482.76 1862.07 0.00 5.57
2482.76 2068.97 0.00 6.20
2482.76 2275.86 0.00 6.44
2482.76 2482.76 0.00 6.38
2482.76 2689.66 0.00 6.14
2482.76 2896.55 0.00 5.65
2482.76 3103.45 0.00 5.77
2482.76 3310.34 0.00 5.32
2482.76 3517.24 0.00 4.99
2482.76 3724.14 0.00 4.88
2482.76 3931.03 0.00 4.48
2482.76 4137.93 0.00 3.94
2482.76 4344.83 0.00 3.91
2482.76 4551.72 0.00 3.30
2482.76 4758.62 0.00 3.15
2482.76 4965.52 0.00 2.92
2482.76 5172.41 0.00 2.42
2482.76 5379.31 0.00 2.24
2482.76 5586.21 0.00 1.71
2482.76 5793.10 0.00 1.65
2482.76 6000.00 0.00 1.64
2689.66 0.00 0.00 1.98
2689.66 206.90 0.00 1.97
2689.66 413.79 0.00 2.24
2689.66 620.69 0.00 2.53
2689.66 827.59 0.00 2.88
2689.66 1034.48 0.00 3.29
2689.66 1241.38 0.00 3.68
2689.66 1448.28 0.00 4.20
2689.66 1655.17 0.00 5.08
2689.66 1862.07 0.00 6.09
2689.66 2068.97 0.00 6.35
2689.66 2275.86 0.00 6.61
2689.66 2482.76 0.00 6.55
2689.66 2689.66 0.00 6.26
2689.66 2896.55 0.00 5.69
2689.66 3103.45 0.00 5.63
2689.66 3310.34 0.00 5.30
2689.66 3517.24 0.00 5.10
2689.66 3724.14 0.00 4.63
2689.66 3931.03 0.00 4.56
2689.66 4137.93 0.00 4.53
2689.66 4344.83 0.00 3.62
2689.66 4551.72 0.00 3.39
2689.66 4758.62 0.00 3.27
2689.66 4965.52 0.00 2.81
2689.66 5172.41 0.00 2.51
2689.66 5379.31 0.00 2.21
2689.66 5586.21 0.00 2.07
2689.66 5793.10 0.00 1.58
2689.66 6000.00 0.00 1.42
2896.55 0.00 0.00 1.98
2896.55 206.90 0.00 1.79
2896.55 413.79 0.00 2.25
2896.55 620.69 0.00 2.50
2896.55 827.59 0.00 2.62
2896.55 1034.48 0.00 3.38
2896.55 1241.38 0.00 3.98
2896.55 1448.28 0.00 4.39
2896.55 1655.17 0.00 4.80
2896.55 1862.07 0.00 5.78
2896.55 2068.97 0.00 6.09
2896.55 2275.86 0.00 6.48
2896.55 2482.76 0.00 6.82
2896.55 2689.66 0.00 6.34
2896.55 2896.55 0.00 5.95
2896.55 3103.45 0.00 5.57
2896.55 3310.34 0.00 5.55
2896.55 3517.24 0.00 5.09
2896.55 3724.14 0.00 4.91
2896.55 3931.03 0.00 4.48
2896.55 4137.93 0.00 3.95
2896.55 4344.83 0.00 3.69
2896.55 4551.72 0.00 3.63
2896.55 4758.62 0.00 3.34
2896.55 4965.52 0.00 2.90
2896.55 5172.41 0.00 2.67
2896.55 5379.31 0.00 2.44
2896.55 5586.21 0.00 2.10
2896.55 5793.10 0.00 1.78
2896.55 6000.00 0.00 1.89
3103.45 0.00 0.00 1.68
3103.45 206.90 0.00 1.88
3103.45 413.79 0.00 2.02
3103.45 620.69 0.00 2.50
3103.45 827.59 0.00 2.99
3103.45 1034.48 0.00 3.14
3103.45 1241.38 0.00 3.66
3103.45 1448.28 0.00 4.75
3103.45 1655.17 0.00 4.84
3103.45 1862.07 0.00 5.81
3103.45 2068.97 0.00 6.36
3103.45 2275.86 0.00 6.82
3103.45 2482.76 0.00 6.35
3103.45 2689.66 0.00 6.04
3103.45 2896.55 0.00 5.74
3103.45 3103.45 0.00 5.61
3103.45 3310.34 0.00 5.53
3103.45 3517.24 0.00 5.18
3103.45 3724.14 0.00 4.94
3103.45 3931.03 0.00 4.69
3103.45 4137.93 0.00 4.16
3103.45 4344.83 0.00 3.82
3103.45 4551.72 0.00 3.47
3103.45 4758.62 0.00 3.13
3103.45 4965.52 0.00 2.66
3103.45 5172.41 0.00 2.59
3103.45 5379.31 0.00 2.34
3103.45 5586.21 0.00 1.96
3103.45 5793.10 0.00 2.07
3103.45 6000.00 0.00 1.65
3310.34 0.00 0.00 1.57
3310.34 206.90 0.00 2.11
3310.34 413.79 0.00 2.17
3310.34 620.69 0.00 2.51
3310.34 827.59 0.00 2.77
3310.34 1034.48 0.00 3.44
3310.34 1241.38 0.00 3.85
3310.34 1448.28 0.00 4.35
3310.34 1655.17 0.00 5.01
3310.34 1862.07 0.00 5.82
3310.34 2068.97 0.00 6.23
3310.34 2275.86 0.00 6.45
3310.34 2482.76 0.00 6.65
3310.34 2689.66 0.00 6.58
3310.34 2896.55 0.00 5.84
3310.34 3103.45 0.00 5.66
3310.34 3310.34 0.00 5.37
3310.34 3517.24 0.00 4.98
3310.34 3724.14 0.00 4.81
3310.34 3931.03 0.00 4.31
3310.34 4137.93 0.00 4.10
3310.34 4344.83 0.00 3.62
3310.34 4551.72 0.00 3.72
3310.34 4758.62 0.00 3.07
3310.34 4965.52 0.00 2.92
3310.34 5172.41 0.00 2.64
3310.34 5379.31 0.00 2.35
3310.34 5586.21 0.00 1.94
3310.34 5793.10 0.00 1.71
3310.34 6000.00 0.00 1.53
3517.24 0.00 0.00 1.80
3517.24 206.90 0.00 1.89
3517.24 413.79 0.00 1.99
3517.24 620.69 0.00 2.43
3517.24 827.59 0.00 2.85
3517.24 1034.48 0.00 3.00
3517.24 1241.38 0.00 3.79
3517.24 1448.28 0.00 4.62
3517.24 1655.17 0.00 4.82
3517.24 1862.07 0.00 5.65
3517.24 2068.97 0.00 6.00
3517.24 2275.86 0.00 6.47
3517.24 2482.76 0.00 6.59
3517.24 2689.66 0.00 6.14
3517.24 2896.55 0.00 5.66
3517.24 3103.45 0.00 5.58
3517.24 3310.34 0.00 5.40
3517.24 3517.24 0.00 5.05
3517.24 3724.14 0.00 4.94
3517.24 3931.03 0.00 4.45
3517.24 4137.93 0.00 4.05
3517.24 4344.83 0.00 3.90
3517.24 4551.72 0.00 3.42
3517.24 4758.62 0.00 3.00
3517.24 4965.52 0.00 2.81
3517.24 5172.41 0.00 2.43
3517.24 5379.31 0.00 2.08
3517.24 5586.21 0.00 2.05
3517.24 5793.10 0.00 1.71
3517.24 6000.00 0.00 1.77
3724.14 0.00 0.00 1.62
3724.14 206.90 0.00 1.88
3724.14 413.79 0.00 2.12
3724.14 620.69 0.00 2.57
3724.14 827.59 0.00 2.89
3724.14 1034.48 0.00 3.24
3724.14 1241.38 0.00 3.57
3724.14 1448.28 0.00 4.33
3724.14 1655.17 0.00 4.90
3724.14 1862.07 0.00 5.52
3724.14 2068.97 0.00 6.20
3724.14 2275.86 0.00 6.53
3724.14 2482.76 0.00 6.79
3724.14 2689.66 0.00 6.14
3724.14 2896.55 0.00 5.89
3724.14 3103.45 0.00 5.48
3724.14 3310.34 0.00 5.27
3724.14 3517.24 0.00 5.04
3724.14 3724.14 0.00 4.62
3724.14 3931.03 0.00 4.51
3724.14 4137.93 0.00 4.45
3724.14 4344.83 0.00 3.72
3724.14 4551.72 0.00 3.60
3724.14 4758.62 0.00 3.39
3724.14 4965.52 0.00 2.93
3724.14 5172.41 0.00 2.54
3724.14 5379.31 0.00 2.13
3724.14 5586.21 0.00 2.09
3724.14 5793.10 0.00 1.96
3724.14 6000.00 0.00 1.44
3931.03 0.00 0.00 1.50
3931.03 206.90 0.00 1.93
3931.03 413.79 0.00 1.85
3931.03 620.69 0.00 2.40
3931.03 827.59 0.00 2.80
3931.03 1034.48 0.00 3.09
3931.03 1241.38 0.00 3.61
3931.03 1448.28 0.00 4.46
3931.03 1655.17 0.00 4.83
3931.03 1862.07 0.00 5.51
3931.03 2068.97 0.00 6.32
3931.03 2275.86 0.00 6.36
3931.03 2482.76 0.00 6.66
3931.03 2689.66 0.00 6.10
3931.03 2896.55 0.00 5.86
3931.03 3103.45 0.00 5.56
3931.03 3310.34 0.00 5.49
3931.03 3517.24 0.00 5.02
3931.03 3724.14 0.00 4.90
3931.03 3931.03 0.00 4.61
3931.03 4137.93 0.00 4.08
3931.03 4344.83 0.00 3.79
3931.03 4551.72 0.00 3.67
3931.03 4758.62 0.00 3.06
3931.03 4965.52 0.00 2.79
3931.03 5172.41 0.00 2.51
3931.03 5379.31 0.00 2.21
3931.03 5586.21 0.00 1.82
3931.03 5793.10 0.00 1.77
3931.03 6000.00 0.00 1.62
4137.93 0.00 0.00 1.69
4137.93 206.90 0.00 2.01
4137.93 413.79 0.00 2.03
4137.93 620.69 0.00 2.43
4137.93 827.59 0.00 2.73
4137.93 1034.48 0.00 3.09
4137.93 1241.38 0.00 3.56
4137.93 1448.28 0.00 3.97
4137.93 1655.17 0.00 4.83
4137.93 1862.07 0.00 5.41
4137.93 2068.97 0.00 6.22
4137.93 2275.86 0.00 6.15
4137.93 2482.76 0.00 6.14
4137.93 2689.66 0.00 6.20
4137.93 2896.55 0.00 5.96
4137.93 3103.45 0.00 5.80
4137.93 3310.34 0.00 5.47
4137.93 3517.24 0.00 5.19
4137.93 3724.14 0.00 4.78
4137.93 3931.03 0.00 4.58
4137.93 4137.93 0.00 4.15
4137.93 4344.83 0.00 3.80
4137.93 4551.72 0.00 3.62
4137.93 4758.62 0.00 3.00
4137.93 4965.52 0.00 2.89
4137.93 5172.41 0.00 2.38
4137.93 5379.31 0.00 2.07
4137.93 5586.21 0.00 1.88
4137.93 5793.10 0.00 1.73
4137.93 6000.00 0.00 1.55
4344.83 0.00 0.00 1.64
4344.83 206.90 0.00 1.88
4344.83 413.79 0.00 1.96
4344.83 620.69 0.00 2.60
4344.83 827.59 0.00 2.70
4344.83 1034.48 0.00 3.01
4344.83 1241.38 0.00 3.46
4344.83 1448.28 0.00 3.88
4344.83 1655.17 0.00 4.53
4344.83 1862.07 0.00 5.44
4344.83 2068.97 0.00 5.96
4344.83 2275.86 0.00 6.24
4344.83 2482.76 0.00 6.41
4344.83 2689.66 0.00 6.30
4344.83 2896.55 0.00 6.01
4344.83 3103.45 0.00 5.77
4344.83 3310.34 0.00 5.31
4344.83 3517.24 0.00 5.25
4344.83 3724.14 0.00 4.90
4344.83 3931.03 0.00 4.82
4344.83 4137.93 0.00 4.19
4344.83 4344.83 0.00 3.87
4344.83 4551.72 0.00 3.69
4344.83 4758.62 0.00 3.20
4344.83 4965.52 0.00 2.87
4344.83 5172.41 0.00 2.58
4344.83 5379.31 0.00 1.97
4344.83 5586.21 0.00 1.82
4344.83 5793.10 0.00 1.81
4344.83 6000.00 0.00 1.63
4551.72 0.00 0.00 1.48
4551.72 206.90 0.00 1.73
4551.72 413.79 0.00 1.87
4551.72 620.69 0.00 2.13
4551.72 827.59 0.00 2.57
4551.72 1034.48 0.00 3.00
4551.72 1241.38 0.00 3.19
4551.72 1448.28 0.00 3.69
4551.72 1655.17 0.00 4.52
4551.72 1862.07 0.00 5.08
4551.72 2068.97 0.00 5.97
4551.72 2275.86 0.00 6.17
4551.72 2482.76 0.00 6.35
4551.72 2689.66 0.00 6.14
4551.72 2896.55 0.00 6.05
4551.72 3103.45 0.00 6.16
4551.72 3310.34 0.00 5.42
4551.72 3517.24 0.00 5.27
4551.72 3724.14 0.00 5.18
4551.72 3931.03 0.00 4.65
4551.72 4137.93 0.00 4.41
4551.72 4344.83 0.00 4.06
4551.72 4551.72 0.00 3.44
4551.72 4758.62 0.00 3.17
4551.72 4965.52 0.00 2.78
4551.72 5172.41 0.00 2.44
4551.72 5379.31 0.00 1.85
4551.72 5586.21 0.00 2.11
4551.72 5793.10 0.00 1.52
4551.72 6000.00 0.00 1.67
4758.62 0.00 0.00 1.50
4758.62 206.90 0.00 1.63
4758.62 413.79 0.00 2.07
4758.62 620.69 0.00 2.25
4758.62 827.59 0.00 2.11
4758.62 1034.48 0.00 2.92
4758.62 1241.38 0.00 3.24
4758.62 1448.28 0.00 3.55
4758.62 1655.17 0.00 4.14
4758.62 1862.07 0.00 4.78
4758.62 2068.97 0.00 5.46
4758.62 2275.86 0.00 6.00
4758.62 2482.76 0.00 6.11
4758.62 2689.66 0.00 6.02
4758.62 2896.55 0.00 5.93
4758.62 3103.45 0.00 5.54
4758.62 3310.34 0.00 5.67
4758.62 3517.24 0.00 5.42
4758.62 3724.14 0.00 5.04
4758.62 3931.03 0.00 4.57
4758.62 4137.93 0.00 4.43
4758.62 4344.83 0.00 3.98
4758.62 4551.72 0.00 3.65
4758.62 4758.62 0.00 2.88
4758.62 4965.52 0.00 2.50
4758.62 5172.41 0.00 2.60
4758.62 5379.31 0.00 1.69
4758.62 5586.21 0.00 1.98
4758.62 5793.10 0.00 1.71
4758.62 6000.00 0.00 1.32
4965.52 0.00 0.00 1.52
4965.52 206.90 0.00 1.87
4965.52 413.79 0.00 1.58
4965.52 620.69 0.00 1.97
4965.52 827.59 0.00 2.41
4965.52 1034.48 0.00 2.54
4965.52 1241.38 0.00 2.89
4965.52 1448.28 0.00 3.27
4965.52 1655.17 0.00 4.02
4965.52 1862.07 0.00 4.59
4965.52 2068.97 0.00 5.05
4965.52 2275.86 0.00 5.64
4965.52 2482.76 0.00 5.65
4965.52 2689.66 0.00 5.65
4965.52 2896.55 0.00 5.70
4965.52 3103.45 0.00 5.58
4965.52 3310.34 0.00 5.55
4965.52 3517.24 0.00 5.27
4965.52 3724.14 0.00 5.18
4965.52 3931.03 0.00 4.66
4965.52 4137.93 0.00 4.37
4965.52 4344.83 0.00 3.96
4965.52 4551.72 0.00 3.63
4965.52 4758.62 0.00 3.15
4965.52 4965.52 0.00 2.70
4965.52 5172.41 0.00 2.50
4965.52 5379.31 0.00 2.00
4965.52 5586.21 0.00 1.79
4965.52 5793.10 0.00 1.40
4965.52 6000.00 0.00 1.65
5172.41 0.00 0.00 1.45
5172.41 206.90 0.00 1.48
5172.41 413.79 0.00 1.80
5172.41 620.69 0.00 2.01
5172.41 827.59 0.00 2.43
5172.41 1034.48 0.00 2.71
5172.41 1241.38 0.00 2.86
5172.41 1448.28 0.00 3.00
5172.41 1655.17 0.00 3.64
5172.41 1862.07 0.00 4.16
5172.41 2068.97 0.00 4.72
5172.41 2275.86 0.00 4.98
5172.41 2482.76 0.00 5.16
5172.41 2689.66 0.00 5.27
5172.41 2896.55 0.00 5.25
5172.41 3103.45 0.00 5.03
5172.41 3310.34 0.00 5.10
5172.41 3517.24 0.00 4.85
5172.41 3724.14 0.00 4.51
5172.41 3931.03 0.00 4.63
5172.41 4137.93 0.00 4.05
5172.41 4344.83 0.00 3.69
5172.41 4551.72 0.00 3.45
5172.41 4758.62 0.00 2.99
5172.41 4965.52 0.00 2.55
5172.41 5172.41 0.00 2.21
5172.41 5379.31 0.00 1.89
5172.41 5586.21 0.00 2.02
5172.41 5793.10 0.00 1.35
5172.41 6000.00 0.00 1.55
5379.31 0.00 0.00 1.35
5379.31 206.90 0.00 1.33
5379.31 413.79 0.00 1.61
5379.31 620.69 0.00 1.67
5379.31 827.59 0.00 1.98
5379.31 1034.48 0.00 2.43
5379.31 1241.38 0.00 2.39
5379.31 1448.28 0.00 2.87
5379.31 1655.17 0.00 3.23
5379.31 1862.07 0.00 3.39
5379.31 2068.97 0.00 4.19
5379.31 2275.86 0.00 4.38
5379.31 2482.76 0.00 4.64
5379.31 2689.66 0.00 4.65
5379.31 2896.55 0.00 4.43
5379.31 3103.45 0.00 4.71
5379.31 3310.34 0.00 4.19
5379.31 3517.24 0.00 4.44
5379.31 3724.14 0.00 4.31
5379.31 3931.03 0.00 3.90
5379.31 4137.93 0.00 3.48
5379.31 4344.83 0.00 3.31
5379.31 4551.72 0.00 3.01
5379.31 4758.62 0.00 2.73
5379.31 4965.52 0.00 2.37
5379.31 5172.41 0.00 1.81
5379.31 5379.31 0.00 1.78
5379.31 5586.21 0.00 1.55
5379.31 5793.10 0.00 1.37
5379.31 6000.00 0.00 1.48
5586.21 0.00 0.00 1.19
5586.21 206.90 0.00 1.69
5586.21 413.79 0.00 1.54
5586.21 620.69 0.00 1.81
5586.21 827.59 0.00 2.04
5586.21 1034.48 0.00 2.11
5586.21 1241.38 0.00 2.20
5586.21 1448.28 0.00 2.57
5586.21 1655.17 0.00 3.04
5586.21 1862.07 0.00 3.23
5586.21 2068.97 0.00 3.60
5586.21 2275.86 0.00 3.88
5586.21 2482.76 0.00 3.98
5586.21 2689.66 0.00 3.88
5586.21 2896.55 0.00 4.16
5586.21 3103.45 0.00 4.13
5586.21 3310.34 0.00 3.91
5586.21 3517.24 0.00 4.01
5586.21 3724.14 0.00 3.68
5586.21 3931.03 0.00 3.37
5586.21 4137.93 0.00 3.37
5586.21 4344.83 0.00 3.21
5586.21 4551.72 0.00 2.71
5586.21 4758.62 0.00 2.55
5586.21 4965.52 0.00 2.07
5586.21 5172.41 0.00 1.98
5586.21 5379.31 0.00 1.80
5586.21 5586.21 0.00 1.42
5586.21 5793.10 0.00 1.19
5586.21 6000.00 0.00 1.10
5793.10 0.00 0.00 0.96
5793.10 206.90 0.00 1.09
5793.10 413.79 0.00 1.61
5793.10 620.69 0.00 1.66
5793.10 827.59 0.00 1.75
5793.10 1034.48 0.00 1.87
5793.10 1241.38 0.00 2.22
5793.10 1448.28 0.00 2.34
5793.10 1655.17 0.00 2.62
5793.10 1862.07 0.00 2.94
5793.10 2068.97 0.00 2.84
5793.10 2275.86 0.00 3.21
5793.10 2482.76 0.00 3.31
5793.10 2689.66 0.00 3.32
5793.10 2896.55 0.00 3.57
5793.10 3103.45 0.00 3.56
5793.10 3310.34 0.00 3.51
5793.10 3517.24 0.00 3.31
5793.10 3724.14 0.00 3.19
5793.10 3931.03 0.00 3.01
5793.10 4137.93 0.00 2.75
5793.10 4344.83 0.00 2.82
5793.10 4551.72 0.00 2.33
5793.10 4758.62 0.00 2.09
5793.10 4965.52 0.00 2.07
5793.10 5172.41 0.00 1.74
5793.10 5379.31 0.00 1.60
5793.10 5586.21 0.00 1.64
5793.10 5793.10 0.00 1.41
5793.10 6000.00 0.00 1.10
6000.00 0.00 0.00 1.19
6000.00 206.90 0.00 1.17
6000.00 413.79 0.00 1.41
6000.00 620.69 0.00 1.63
6000.00 827.59 0.00 1.77
6000.00 1034.48 0.00 1.94
6000.00 1241.38 0.00 1.96
6000.00 1448.28 0.00 2.00
6000.00 1655.17 0.00 2.33
6000.00 1862.07 0.00 2.32
6000.00 2068.97 0.00 2.66
6000.00 2275.86 0.00 2.77
6000.00 2482.76 0.00 2.76
6000.00 2689.66 0.00 2.87
6000.00 2896.55 0.00 3.07
6000.00 3103.45 0.00 2.76
6000.00 3310.34 0.00 2.98
6000.00 3517.24 0.00 2.78
6000.00 3724.14 0.00 2.87
6000.00 3931.03 0.00 2.56
6000.00 4137.93 0.00 2.53
6000.00 4344.83 0.00 2.39
6000.00 4551.72 0.00 2.28
6000.00 4758.62 0.00 1.71
6000.00 4965.52 0.00 2.01
6000.00 5172.41 0.00 1.69
6000.00 5379.31 0.00 1.40
6000.00 5586.21 0.00 1.54
6000.00 5793.10 0.00 1.10
6000.00 6000.00 0.00 1.04
