106.75000000 16.25000000 368.00000013
107.25000000 16.25000000 700.00000005
107.75000000 16.25000000 700.00000005
108.25000000 16.25000000 -29.00000000
108.75000000 16.25000000 -110.00000003
109.25000000 16.25000000 -110.00000003
109.75000000 16.25000000 -205.00000011
110.25000000 16.25000000 -1284.00000051
110.75000000 16.25000000 -1364.00000119
111.25000000 16.25000000 -704.99999955
111.75000000 16.25000000 -904.00000127
112.25000000 16.25000000 -904.00000127
112.75000000 16.25000000 -1076.99999964
113.25000000 16.25000000 -2035.99999832
113.75000000 16.25000000 -2035.99999832
114.25000000 16.25000000 -2924.99999864
114.75000000 16.25000000 -3226.00000233
115.25000000 16.25000000 -3226.00000233
115.75000000 16.25000000 -4138.99999929
116.25000000 16.25000000 -4140.00000197
116.75000000 16.25000000 -4140.00000197
117.25000000 16.25000000 -4029.00000279
117.75000000 16.25000000 -4089.99999884
118.25000000 16.25000000 -3935.00000100
106.75000000 16.75000000 368.00000013
107.25000000 16.75000000 -48.00000000
107.75000000 16.75000000 -48.00000000
108.25000000 16.75000000 -99.00000009
108.75000000 16.75000000 -110.00000003
109.25000000 16.75000000 -110.00000003
109.75000000 16.75000000 -1070.00000021
110.25000000 16.75000000 -1070.00000021
110.75000000 16.75000000 -1497.00000222
111.25000000 16.75000000 -685.99999981
111.75000000 16.75000000 -685.99999981
112.25000000 16.75000000 -707.00000018
112.75000000 16.75000000 -1076.99999964
113.25000000 16.75000000 -2210.00000026
113.75000000 16.75000000 -2210.00000026
114.25000000 16.75000000 -2924.99999864
114.75000000 16.75000000 -3226.00000233
115.25000000 16.75000000 -3226.00000233
115.75000000 16.75000000 -3504.99999769
116.25000000 16.75000000 -4140.00000197
116.75000000 16.75000000 -4140.00000197
117.25000000 16.75000000 -4009.00000139
117.75000000 16.75000000 -3970.00000422
118.25000000 16.75000000 -3997.00000375
106.75000000 17.25000000 511.99999963
107.25000000 17.25000000 -48.00000000
107.75000000 17.25000000 -48.00000000
108.25000000 17.25000000 -99.00000009
108.75000000 17.25000000 -99.00000009
109.25000000 17.25000000 -80.99999985
109.75000000 17.25000000 -1070.00000021
110.25000000 17.25000000 -1070.00000021
110.75000000 17.25000000 -1497.00000222
111.25000000 17.25000000 -685.99999981
111.75000000 17.25000000 -685.99999981
112.25000000 17.25000000 -707.00000018
112.75000000 17.25000000 -1655.99999988
113.25000000 17.25000000 -2210.00000026
113.75000000 17.25000000 -2210.00000026
114.25000000 17.25000000 -2088.00000301
114.75000000 17.25000000 -2088.00000301
115.25000000 17.25000000 -2924.99999701
115.75000000 17.25000000 -3504.99999769
116.25000000 17.25000000 -4042.00000398
116.75000000 17.25000000 -4042.00000398
117.25000000 17.25000000 -4000.99999755
117.75000000 17.25000000 -3970.00000422
118.25000000 17.25000000 -3997.00000375
106.75000000 17.75000000 -41.00000002
107.25000000 17.75000000 -41.00000002
107.75000000 17.75000000 -63.99999998
108.25000000 17.75000000 -85.99999998
108.75000000 17.75000000 -79.99999996
109.25000000 17.75000000 -79.99999996
109.75000000 17.75000000 -120.99999999
110.25000000 17.75000000 -886.00000041
110.75000000 17.75000000 -886.00000041
111.25000000 17.75000000 -1557.99999986
111.75000000 17.75000000 -1184.00000240
112.25000000 17.75000000 -1184.00000240
112.75000000 17.75000000 -1411.99999875
113.25000000 17.75000000 -2779.00000094
113.75000000 17.75000000 -2779.00000094
114.25000000 17.75000000 -3458.00000296
114.75000000 17.75000000 -3314.00000345
115.25000000 17.75000000 -3314.00000345
115.75000000 17.75000000 -3927.00000357
116.25000000 17.75000000 -3797.99999883
116.75000000 17.75000000 -3797.99999883
117.25000000 17.75000000 -4060.00000081
117.75000000 17.75000000 -3962.99999542
118.25000000 17.75000000 -4126.00000433
106.75000000 18.25000000 -4.99999999
107.25000000 18.25000000 -70.00000001
107.75000000 18.25000000 -70.00000001
108.25000000 18.25000000 -82.00000004
108.75000000 18.25000000 -82.00000004
109.25000000 18.25000000 -62.99999993
109.75000000 18.25000000 -71.00000000
110.25000000 18.25000000 -149.99999999
110.75000000 18.25000000 -149.99999999
111.25000000 18.25000000 -457.00000014
111.75000000 18.25000000 -706.99999987
112.25000000 18.25000000 -706.99999987
112.75000000 18.25000000 -2057.99999967
113.25000000 18.25000000 -2033.99999945
113.75000000 18.25000000 -2033.99999945
114.25000000 18.25000000 -3622.99999937
114.75000000 18.25000000 -3741.00000117
115.25000000 18.25000000 -3741.00000117
115.75000000 18.25000000 -3867.99999874
116.25000000 18.25000000 -3867.99999874
116.75000000 18.25000000 -3863.99999725
117.25000000 18.25000000 -3962.00000026
117.75000000 18.25000000 -3881.00000308
118.25000000 18.25000000 -3881.00000308
106.75000000 18.75000000 -67.99999996
107.25000000 18.75000000 -69.00000003
107.75000000 18.75000000 -69.00000003
108.25000000 18.75000000 -19.99999996
108.75000000 18.75000000 -19.99999996
109.25000000 18.75000000 144.00000003
109.75000000 18.75000000 379.00000031
110.25000000 18.75000000 28.00000000
110.75000000 18.75000000 -88.00000007
111.25000000 18.75000000 -457.00000014
111.75000000 18.75000000 -706.99999987
112.25000000 18.75000000 -706.99999987
112.75000000 18.75000000 -1626.00000039
113.25000000 18.75000000 -1678.00000068
113.75000000 18.75000000 -1678.00000068
114.25000000 18.75000000 -3622.99999937
114.75000000 18.75000000 -3622.99999937
115.25000000 18.75000000 -3677.99999852
115.75000000 18.75000000 -3766.00000656
116.25000000 18.75000000 -3863.99999725
116.75000000 18.75000000 -3863.99999725
117.25000000 18.75000000 -3867.00000134
117.75000000 18.75000000 -3867.00000134
118.25000000 18.75000000 -3846.00000240
106.75000000 19.25000000 -31.99999998
107.25000000 19.25000000 -48.99999997
107.75000000 19.25000000 -52.00000004
108.25000000 19.25000000 -57.00000001
108.75000000 19.25000000 131.00000000
109.25000000 19.25000000 131.00000000
109.75000000 19.25000000 817.00000029
110.25000000 19.25000000 143.99999992
110.75000000 19.25000000 143.99999992
111.25000000 19.25000000 -95.99999998
111.75000000 19.25000000 -144.00000016
112.25000000 19.25000000 -144.00000016
112.75000000 19.25000000 -264.99999991
113.25000000 19.25000000 -494.99999987
113.75000000 19.25000000 -374.99999996
114.25000000 19.25000000 -1686.00000100
114.75000000 19.25000000 -1686.00000100
115.25000000 19.25000000 -2393.99999744
115.75000000 19.25000000 -3028.00000093
116.25000000 19.25000000 -3028.00000093
116.75000000 19.25000000 -2936.00000039
117.25000000 19.25000000 -3150.99999889
117.75000000 19.25000000 -3748.99999713
118.25000000 19.25000000 -3748.99999713
106.75000000 19.75000000 -31.99999998
107.25000000 19.75000000 -48.99999997
107.75000000 19.75000000 -29.99999999
108.25000000 19.75000000 -55.99999999
108.75000000 19.75000000 -55.99999999
109.25000000 19.75000000 39.00000000
109.75000000 19.75000000 -14.00000000
110.25000000 19.75000000 -14.00000000
110.75000000 19.75000000 143.99999992
111.25000000 19.75000000 -22.00000000
111.75000000 19.75000000 -135.00000004
112.25000000 19.75000000 -135.00000004
112.75000000 19.75000000 -114.99999997
113.25000000 19.75000000 -114.99999997
113.75000000 19.75000000 -202.00000003
114.25000000 19.75000000 -224.00000001
114.75000000 19.75000000 -790.00000026
115.25000000 19.75000000 -790.00000026
115.75000000 19.75000000 -2422.99999840
116.25000000 19.75000000 -2112.00000158
116.75000000 19.75000000 -2112.00000158
117.25000000 19.75000000 -3150.99999889
117.75000000 19.75000000 -3360.99999844
118.25000000 19.75000000 -2952.00000180
106.75000000 20.25000000 -24.00000002
107.25000000 20.25000000 -29.99999999
107.75000000 20.25000000 -29.99999999
108.25000000 20.25000000 -55.99999999
108.75000000 20.25000000 -55.99999999
109.25000000 20.25000000 -29.00000000
109.75000000 20.25000000 -14.00000000
110.25000000 20.25000000 -14.00000000
110.75000000 20.25000000 3.00000000
111.25000000 20.25000000 -22.00000000
111.75000000 20.25000000 -96.99999987
112.25000000 20.25000000 -96.99999987
112.75000000 20.25000000 -114.99999997
113.25000000 20.25000000 -114.99999997
113.75000000 20.25000000 -202.00000003
114.25000000 20.25000000 -224.00000001
114.75000000 20.25000000 -790.00000026
115.25000000 20.25000000 -790.00000026
115.75000000 20.25000000 -1243.00000076
116.25000000 20.25000000 -1243.00000076
116.75000000 20.25000000 -1095.99999927
117.25000000 20.25000000 -2494.99999961
117.75000000 20.25000000 -2494.99999961
118.25000000 20.25000000 -2952.00000180
106.75000000 20.75000000 -22.99999999
107.25000000 20.75000000 -22.99999999
107.75000000 20.75000000 -32.00000001
108.25000000 20.75000000 -46.99999999
108.75000000 20.75000000 -46.99999999
109.25000000 20.75000000 -31.00000000
109.75000000 20.75000000 -12.00000000
110.25000000 20.75000000 36.99999998
110.75000000 20.75000000 16.00000000
111.25000000 20.75000000 -28.00000001
111.75000000 20.75000000 -59.00000000
112.25000000 20.75000000 -59.00000000
112.75000000 20.75000000 -88.99999989
113.25000000 20.75000000 -88.99999989
113.75000000 20.75000000 -90.00000000
114.25000000 20.75000000 -121.99999999
114.75000000 20.75000000 -143.00000017
115.25000000 20.75000000 -143.00000017
115.75000000 20.75000000 -412.99999964
116.25000000 20.75000000 -596.99999979
116.75000000 20.75000000 -457.99999995
117.25000000 20.75000000 -609.00000036
117.75000000 20.75000000 -803.00000111
118.25000000 20.75000000 -2687.00000023
106.75000000 21.25000000 258.00000013
107.25000000 21.25000000 760.00000012
107.75000000 21.25000000 760.00000012
108.25000000 21.25000000 -30.00000001
108.75000000 21.25000000 -24.99999999
109.25000000 21.25000000 -24.99999999
109.75000000 21.25000000 8.00000001
110.25000000 21.25000000 8.00000001
110.75000000 21.25000000 24.00000000
111.25000000 21.25000000 -1.00000000
111.75000000 21.25000000 -43.00000000
112.25000000 21.25000000 -43.00000000
112.75000000 21.25000000 -67.99999999
113.25000000 21.25000000 -67.99999999
113.75000000 21.25000000 -77.00000002
114.25000000 21.25000000 -87.99999995
114.75000000 21.25000000 -93.00000006
115.25000000 21.25000000 -93.00000006
115.75000000 21.25000000 -128.00000020
116.25000000 21.25000000 -128.00000020
116.75000000 21.25000000 -306.99999980
117.25000000 21.25000000 -452.99999979
117.75000000 21.25000000 -1751.99999982
118.25000000 21.25000000 -2327.00000069
106.75000000 21.75000000 258.00000013
107.25000000 21.75000000 760.00000012
107.75000000 21.75000000 760.00000012
108.25000000 21.75000000 -4.00000000
108.75000000 21.75000000 -4.00000000
109.25000000 21.75000000 -10.00000000
109.75000000 21.75000000 8.00000001
110.25000000 21.75000000 8.00000001
110.75000000 21.75000000 24.00000000
111.25000000 21.75000000 -1.00000000
111.75000000 21.75000000 -1.00000000
112.25000000 21.75000000 -20.00000000
112.75000000 21.75000000 -30.00000005
113.25000000 21.75000000 -30.00000005
113.75000000 21.75000000 -38.00000002
114.25000000 21.75000000 -48.99999998
114.75000000 21.75000000 -93.00000006
115.25000000 21.75000000 -93.00000006
115.75000000 21.75000000 -174.99999992
116.25000000 21.75000000 -257.00000016
116.75000000 21.75000000 -257.00000016
117.25000000 21.75000000 -452.99999979
117.75000000 21.75000000 -1499.00000023
118.25000000 21.75000000 -2327.00000069
106.75000000 22.25000000 417.99999977
107.25000000 22.25000000 205.00000002
107.75000000 22.25000000 491.99999980
108.25000000 22.25000000 17.00000002
108.75000000 22.25000000 17.00000002
109.25000000 22.25000000 49.00000002
109.75000000 22.25000000 96.00000002
110.25000000 22.25000000 158.99999999
110.75000000 22.25000000 158.99999999
111.25000000 22.25000000 76.99999998
111.75000000 22.25000000 123.00000011
112.25000000 22.25000000 123.00000011
112.75000000 22.25000000 1.00000001
113.25000000 22.25000000 16.99999998
113.75000000 22.25000000 16.99999998
114.25000000 22.25000000 247.00000009
114.75000000 22.25000000 247.00000009
115.25000000 22.25000000 -19.00000001
115.75000000 22.25000000 -36.99999998
116.25000000 22.25000000 -36.99999998
116.75000000 22.25000000 -93.00000005
117.25000000 22.25000000 -112.00000000
117.75000000 22.25000000 -112.00000000
118.25000000 22.25000000 -123.00000000
106.75000000 22.75000000 417.99999977
107.25000000 22.75000000 203.99999992
107.75000000 22.75000000 182.99999993
108.25000000 22.75000000 110.99999997
108.75000000 22.75000000 100.00000009
109.25000000 22.75000000 100.00000009
109.75000000 22.75000000 77.00000002
110.25000000 22.75000000 293.00000021
110.75000000 22.75000000 293.00000021
111.25000000 22.75000000 206.00000001
111.75000000 22.75000000 123.00000011
112.25000000 22.75000000 123.00000011
112.75000000 22.75000000 11.00000002
113.25000000 22.75000000 16.99999998
113.75000000 22.75000000 16.99999998
114.25000000 22.75000000 10.00000000
114.75000000 22.75000000 390.00000004
115.25000000 22.75000000 390.00000004
115.75000000 22.75000000 124.00000000
116.25000000 22.75000000 124.00000000
116.75000000 22.75000000 9.00000000
117.25000000 22.75000000 -44.99999995
117.75000000 22.75000000 -44.99999995
118.25000000 22.75000000 -123.00000000
106.75000000 23.25000000 513.00000028
107.25000000 23.25000000 513.00000028
107.75000000 23.25000000 326.00000010
108.25000000 23.25000000 237.00000008
108.75000000 23.25000000 237.00000008
109.25000000 23.25000000 146.99999997
109.75000000 23.25000000 74.00000002
110.25000000 23.25000000 293.00000021
110.75000000 23.25000000 293.00000021
111.25000000 23.25000000 206.00000001
111.75000000 23.25000000 189.00000000
112.25000000 23.25000000 189.00000000
112.75000000 23.25000000 1.00000002
113.25000000 23.25000000 14.00000000
113.75000000 23.25000000 14.00000000
114.25000000 23.25000000 10.00000000
114.75000000 23.25000000 390.00000004
115.25000000 23.25000000 390.00000004
115.75000000 23.25000000 124.00000000
116.25000000 23.25000000 124.00000000
116.75000000 23.25000000 9.00000000
117.25000000 23.25000000 -29.99999998
117.75000000 23.25000000 -20.00000000
118.25000000 23.25000000 -20.00000000
106.75000000 23.75000000 1017.00000144
107.25000000 23.75000000 278.00000017
107.75000000 23.75000000 278.00000017
108.25000000 23.75000000 354.99999973
108.75000000 23.75000000 354.99999973
109.25000000 23.75000000 99.00000002
109.75000000 23.75000000 118.00000002
110.25000000 23.75000000 530.99999990
110.75000000 23.75000000 29.00000004
111.25000000 23.75000000 98.00000004
111.75000000 23.75000000 525.99999954
112.25000000 23.75000000 525.99999954
112.75000000 23.75000000 8.00000000
113.25000000 23.75000000 8.00000000
113.75000000 23.75000000 30.00000003
114.25000000 23.75000000 34.00000004
114.75000000 23.75000000 152.00000006
115.25000000 23.75000000 152.00000006
115.75000000 23.75000000 287.99999984
116.25000000 23.75000000 5.99999999
116.75000000 23.75000000 5.99999999
117.25000000 23.75000000 591.99999989
117.75000000 23.75000000 -26.00000003
118.25000000 23.75000000 -44.00000000
106.75000000 24.25000000 919.00000077
107.25000000 24.25000000 919.00000077
107.75000000 24.25000000 359.99999978
108.25000000 24.25000000 236.00000001
108.75000000 24.25000000 193.99999979
109.25000000 24.25000000 193.99999979
109.75000000 24.25000000 339.99999998
110.25000000 24.25000000 407.99999998
110.75000000 24.25000000 407.99999998
111.25000000 24.25000000 103.00000007
111.75000000 24.25000000 103.00000007
112.25000000 24.25000000 878.99999990
112.75000000 24.25000000 309.99999999
113.25000000 24.25000000 331.99999971
113.75000000 24.25000000 331.99999971
114.25000000 24.25000000 795.99999987
114.75000000 24.25000000 548.00000009
115.25000000 24.25000000 548.00000009
115.75000000 24.25000000 271.99999998
116.25000000 24.25000000 484.99999977
116.75000000 24.25000000 484.99999977
117.25000000 24.25000000 591.99999989
117.75000000 24.25000000 591.99999989
118.25000000 24.25000000 -10.00000000
106.75000000 24.75000000 919.00000077
107.25000000 24.75000000 919.00000077
107.75000000 24.75000000 359.99999978
108.25000000 24.75000000 181.00000004
108.75000000 24.75000000 181.00000004
109.25000000 24.75000000 221.00000007
109.75000000 24.75000000 183.00000013
110.25000000 24.75000000 183.00000013
110.75000000 24.75000000 278.99999991
111.25000000 24.75000000 293.99999995
111.75000000 24.75000000 878.99999990
112.25000000 24.75000000 878.99999990
112.75000000 24.75000000 411.99999996
113.25000000 24.75000000 331.99999971
113.75000000 24.75000000 331.99999971
114.25000000 24.75000000 600.99999988
114.75000000 24.75000000 548.00000009
115.25000000 24.75000000 548.00000009
115.75000000 24.75000000 253.99999991
116.25000000 24.75000000 484.99999977
116.75000000 24.75000000 484.99999977
117.25000000 24.75000000 165.00000002
117.75000000 24.75000000 139.99999997
118.25000000 24.75000000 -10.00000000
106.75000000 25.25000000 500.00000042
107.25000000 25.25000000 500.00000042
107.75000000 25.25000000 996.00000041
108.25000000 25.25000000 731.00000002
108.75000000 25.25000000 318.99999982
109.25000000 25.25000000 363.00000013
109.75000000 25.25000000 298.99999998
110.25000000 25.25000000 747.00000017
110.75000000 25.25000000 410.00000001
111.25000000 25.25000000 1016.99999964
111.75000000 25.25000000 211.99999996
112.25000000 25.25000000 260.99999986
112.75000000 25.25000000 299.00000007
113.25000000 25.25000000 299.00000007
113.75000000 25.25000000 684.00000002
114.25000000 25.25000000 907.99999997
114.75000000 25.25000000 179.99999995
115.25000000 25.25000000 518.99999980
115.75000000 25.25000000 815.00000029
116.25000000 25.25000000 683.99999982
116.75000000 25.25000000 336.99999993
117.25000000 25.25000000 454.99999935
117.75000000 25.25000000 599.00000046
118.25000000 25.25000000 599.00000046
106.75000000 25.75000000 1086.00000006
107.25000000 25.75000000 1086.00000006
107.75000000 25.75000000 934.00000030
108.25000000 25.75000000 731.00000002
108.75000000 25.75000000 473.99999981
109.25000000 25.75000000 649.99999988
109.75000000 25.75000000 1304.99999953
110.25000000 25.75000000 1304.99999953
110.75000000 25.75000000 878.99999998
111.25000000 25.75000000 187.00000009
111.75000000 25.75000000 211.99999996
112.25000000 25.75000000 260.99999986
112.75000000 25.75000000 137.99999995
113.25000000 25.75000000 356.99999997
113.75000000 25.75000000 356.99999997
114.25000000 25.75000000 1215.00000007
114.75000000 25.75000000 179.99999995
115.25000000 25.75000000 207.99999999
115.75000000 25.75000000 316.99999973
116.25000000 25.75000000 316.99999973
116.75000000 25.75000000 686.00000006
117.25000000 25.75000000 385.99999965
117.75000000 25.75000000 599.00000046
118.25000000 25.75000000 599.00000046
106.75000000 26.25000000 1086.00000006
107.25000000 26.25000000 1086.00000006
107.75000000 26.25000000 934.00000030
108.25000000 26.25000000 470.00000031
108.75000000 26.25000000 473.99999981
109.25000000 26.25000000 649.99999988
109.75000000 26.25000000 1304.99999953
110.25000000 26.25000000 1304.99999953
110.75000000 26.25000000 946.99999816
111.25000000 26.25000000 187.00000009
111.75000000 26.25000000 658.99999964
112.25000000 26.25000000 800.00000054
112.75000000 26.25000000 137.99999995
113.25000000 26.25000000 356.99999997
113.75000000 26.25000000 356.99999997
114.25000000 26.25000000 1215.00000007
114.75000000 26.25000000 326.99999988
115.25000000 26.25000000 364.99999998
115.75000000 26.25000000 316.99999973
116.25000000 26.25000000 316.99999973
116.75000000 26.25000000 802.99999987
117.25000000 26.25000000 1090.00000004
117.75000000 26.25000000 554.00000001
118.25000000 26.25000000 554.00000001
106.75000000 26.75000000 1158.00000035
107.25000000 26.75000000 1158.00000035
107.75000000 26.75000000 1140.99999950
108.25000000 26.75000000 849.00000038
108.75000000 26.75000000 761.99999964
109.25000000 26.75000000 721.00000029
109.75000000 26.75000000 534.99999991
110.25000000 26.75000000 443.00000020
110.75000000 26.75000000 442.99999975
111.25000000 26.75000000 393.99999996
111.75000000 26.75000000 136.99999995
112.25000000 26.75000000 353.00000001
112.75000000 26.75000000 106.00000006
113.25000000 26.75000000 133.99999996
113.75000000 26.75000000 221.99999986
114.25000000 26.75000000 651.00000037
114.75000000 26.75000000 412.99999990
115.25000000 26.75000000 79.00000002
115.75000000 26.75000000 206.99999988
116.25000000 26.75000000 498.00000020
116.75000000 26.75000000 498.00000020
117.25000000 26.75000000 424.99999967
117.75000000 26.75000000 390.00000005
118.25000000 26.75000000 390.00000005
106.75000000 27.25000000 1319.00000116
107.25000000 27.25000000 956.00000010
107.75000000 27.25000000 956.00000010
108.25000000 27.25000000 849.00000038
108.75000000 27.25000000 1107.99999955
109.25000000 27.25000000 597.00000005
109.75000000 27.25000000 782.00000055
110.25000000 27.25000000 973.00000015
110.75000000 27.25000000 973.00000015
111.25000000 27.25000000 698.00000025
111.75000000 27.25000000 517.00000013
112.25000000 27.25000000 167.00000001
112.75000000 27.25000000 97.00000001
113.25000000 27.25000000 97.00000001
113.75000000 27.25000000 70.00000012
114.25000000 27.25000000 146.99999990
114.75000000 27.25000000 547.99999961
115.25000000 27.25000000 234.00000010
115.75000000 27.25000000 475.00000001
116.25000000 27.25000000 475.00000001
116.75000000 27.25000000 667.00000002
117.25000000 27.25000000 479.99999997
117.75000000 27.25000000 380.00000045
118.25000000 27.25000000 380.00000045
106.75000000 27.75000000 1112.99999979
107.25000000 27.75000000 961.99999947
107.75000000 27.75000000 961.99999947
108.25000000 27.75000000 714.99999961
108.75000000 27.75000000 829.00000002
109.25000000 27.75000000 661.99999965
109.75000000 27.75000000 456.00000008
110.25000000 27.75000000 338.00000005
110.75000000 27.75000000 338.00000005
111.25000000 27.75000000 698.00000025
111.75000000 27.75000000 517.00000013
112.25000000 27.75000000 167.00000001
112.75000000 27.75000000 61.00000000
113.25000000 27.75000000 61.00000000
113.75000000 27.75000000 70.00000012
114.25000000 27.75000000 415.99999974
114.75000000 27.75000000 547.99999961
115.25000000 27.75000000 64.00000002
115.75000000 27.75000000 68.99999998
116.25000000 27.75000000 68.99999998
116.75000000 27.75000000 93.00000006
117.25000000 27.75000000 683.99999953
117.75000000 27.75000000 1600.99999972
118.25000000 27.75000000 311.00000020
